9 59 261 -69 
-4 312 67 45 
1 104 275 -86 
-16 101 259 -94 
-11 108 263 -35 
-28 179 67 38 
-9 57 276 6 
21 443 175 -55 
6 153 358 13 
-18 65 250 9 
21 179 251 25 
12 255 66 -51 
11 440 155 5 
-5 337 240 -52 
-21 455 266 48 
-29 115 273 -76 
2 235 280 47 
8 84 277 -77 
21 77 261 43 
14 316 66 -22 
-23 193 262 23 
-22 124 252 -47 
5 83 258 -114 
30 191 237 33 
-19 436 249 46 
-9 459 258 28 
-24 136 254 -16 
25 302 67 -128 
1 181 67 -65 
28 211 242 43 
10 191 252 21 
-16 56 245 -16 
-8 319 67 -107 
-26 134 239 -32 
0 103 249 -33 
11 77 282 37 
0 55 250 -132 
-22 97 250 -9 
18 99 248 -79 
19 381 81 48 
-18 72 279 -37 
23 181 71 -38 
-4 95 253 -80 
4 105 274 -95 
30 304 75 49 
26 52 288 33 
27 303 68 41 
-4 65 258 -31 
-10 155 236 35 
-29 209 269 -28 
-8 154 281 7 
-3 101 256 -32 
-29 159 289 46 
6 397 246 -35 
-15 90 263 -8 
-9 168 357 13 
19 231 67 -46 
27 322 77 46 
-2 86 246 -10 
-24 177 258 37 
22 377 86 46 
14 437 284 20 
8 94 300 -39 
-17 95 294 -9 
7 91 68 -41 
17 139 257 -120 
-2 70 262 -14 
10 372 73 50 
21 388 70 18 
-7 335 238 3 
-23 65 274 -38 
13 445 79 38 
9 436 68 37 
2 363 69 48 
-14 93 248 -6 
-2 78 256 -21 
6 52 281 -86 
9 370 70 32 
25 437 71 35 
4 55 277 27 
-10 98 249 -51 
-14 386 66 -39 
-21 450 264 36 
-7 104 261 -30 
23 430 70 46 
16 75 257 2 
-30 170 266 -58 
-26 91 261 -13 
-17 95 264 -23 
-7 427 276 32 
-23 243 267 11 
-2 93 261 46 
-22 169 66 -144 
-7 101 253 -31 
-27 242 232 -111 
13 447 71 24 
26 422 276 15 
27 324 69 13 
-15 79 253 -8 
21 428 76 39 
-20 361 67 -29 
-9 442 240 25 
-30 164 285 19 
13 436 68 18 
-2 106 251 -49 
-16 80 262 -3 
-9 415 248 39 
-5 382 153 45 
6 103 256 -60 
19 272 67 -139 
1 266 239 -29 
-16 112 249 42 
-2 290 66 -30 
-15 112 67 -102 
-9 436 244 47 
11 280 69 44 
8 86 66 -103 
-6 441 238 -37 
-3 111 278 -75 
-29 72 257 -13 
21 274 66 -52 
2 83 255 -37 
-11 51 254 19 
13 444 245 -3 
8 95 250 47 
3 230 67 13 
21 451 264 44 
27 447 243 -5 
-8 65 231 -142 
22 443 73 49 
6 96 258 -51 
-24 109 249 -15 
-29 119 257 -74 
-21 245 268 40 
-17 118 282 -24 
19 109 263 31 
13 429 275 6 
24 93 247 -68 
-11 87 272 -54 
29 192 72 -1 
-24 208 258 -20 
14 145 246 10 
14 440 66 37 
-25 91 276 -59 
-15 112 256 -47 
16 394 77 48 
-12 200 269 23 
-22 189 366 -31 
-7 437 283 42 
19 192 250 43 
-6 103 276 -71 
24 59 243 -89 
-12 100 267 -10 
-27 211 238 -13 
-25 137 259 -16 
-29 138 253 -85 
25 351 66 44 
4 442 66 23 
-20 447 252 29 
27 431 86 36 
1 123 265 41 
29 287 71 41 
23 433 269 46 
16 74 258 -98 
28 197 67 49 
-29 389 189 26 
10 100 264 -59 
-28 212 276 27 
20 461 80 30 
-4 453 188 -24 
-1 282 66 -11 
-26 272 66 42 
0 458 249 39 
-14 307 243 27 
29 433 68 38 
-28 424 240 19 
-10 97 251 -94 
27 207 255 36 
-16 222 245 39 
29 380 75 41 
23 433 77 35 
-20 107 250 -50 
-26 202 238 21 
24 59 249 -114 
-8 347 245 -87 
25 442 68 29 
-6 234 239 -141 
13 444 241 -109 
-24 125 252 -14 
-29 70 299 -140 
24 418 66 -104 
-25 417 68 49 
-16 316 235 16 
28 246 68 50 
-5 403 238 19 
10 150 275 47 
23 177 67 -130 
-5 100 251 43 
-24 114 75 -94 
29 391 77 29 
-15 96 277 -141 
-6 430 66 -98 
22 426 254 1 
-18 53 278 -38 
10 260 68 4 
12 83 68 -93 
-10 177 260 15 
9 77 241 44 
-9 128 297 38 
5 452 254 20 
-25 196 236 20 
22 422 244 -33 
8 118 78 -93 
27 88 256 -94 
-16 230 270 41 
5 232 70 34 
-14 90 264 -8 
-1 417 245 41 
23 259 71 -72 
-12 66 257 -147 
-1 52 251 -2 
-21 441 67 -62 
-18 78 240 17 
-7 110 256 -46 
30 371 74 19 
17 238 237 -91 
-27 86 256 -19 
22 460 74 32 
-13 55 254 -148 
-14 202 249 7 
14 81 251 -44 
-22 93 272 -63 
6 120 67 -116 
-8 157 261 0 
-13 81 300 -5 
1 217 264 42 
27 428 66 21 
-3 187 68 -86 
-18 107 256 -50 
-24 248 265 20 
-19 255 267 15 
-30 129 249 -69 
24 100 301 -75 
24 449 245 14 
23 361 67 23 
18 282 242 20 
-28 186 263 15 
-3 101 256 -43 
-10 110 252 -84 
5 53 258 -101 
27 338 234 -108 
-23 55 260 -140 
-9 154 245 40 
-9 124 309 -11 
9 457 180 -43 
26 397 75 24 
-23 116 249 -69 
-18 66 257 -7 
-28 117 281 -7 
15 410 78 49 
-21 343 245 37 
23 63 248 -86 
-6 86 264 -20 
19 268 66 45 
30 383 242 -18 
21 380 237 -149 
7 79 274 -75 
-24 69 261 4 
15 237 237 -51 
10 363 66 -102 
-30 240 257 39 
26 118 243 -24 
0 194 273 39 
19 91 241 32 
-29 57 272 -42 
-28 125 249 -62 
6 452 259 18 
11 92 251 -68 
17 131 258 46 
24 416 254 -30 
-24 271 71 43 
-11 431 253 15 
-13 156 241 49 
7 410 67 35 
-4 91 278 -75 
-21 107 262 -5 
-15 115 239 17 
-15 192 262 42 
-15 87 281 7 
11 80 256 28 
22 450 274 30 
-16 193 273 -21 
-2 202 261 31 
11 90 268 40 
-6 309 243 -76 
19 389 243 -16 
-13 53 257 -40 
-12 57 276 -44 
-26 115 253 -17 
-22 265 299 44 
-1 63 182 -10 
-20 52 277 -141 
30 386 68 34 
1 66 278 -51 
15 432 66 4 
5 104 262 -44 
-14 189 247 33 
19 346 66 -60 
-30 433 239 -2 
22 83 240 36 
-7 113 285 -67 
-8 68 246 -34 
-30 301 71 27 
6 250 66 -32 
17 120 248 -25 
-15 174 270 36 
15 61 182 40 
-8 70 274 -62 
-18 121 252 -67 
5 122 236 -16 
-14 103 253 -6 
10 103 254 -120 
17 60 251 -98 
-10 266 66 -25 
27 394 66 8 
15 442 290 10 
-22 178 248 16 
-2 147 262 26 
-23 456 252 -99 
26 140 251 31 
24 389 66 44 
-29 378 182 33 
-2 82 272 -55 
-23 256 286 16 
-25 218 264 -10 
7 451 266 30 
-12 154 276 -5 
28 450 256 40 
19 409 81 49 
-19 81 261 -18 
12 430 183 -39 
-30 459 71 48 
26 245 67 -49 
23 237 68 -10 
-1 261 242 -80 
28 412 70 3 
-28 186 263 33 
19 455 235 27 
-1 86 264 41 
14 436 246 24 
23 144 255 -11 
-30 226 289 34 
2 165 71 -120 
-26 60 262 3 
-17 56 272 -41 
-28 134 248 -49 
-5 73 240 33 
-21 60 276 -41 
-24 71 246 -14 
27 391 84 46 
-21 83 275 -147 
-20 237 241 2 
-8 146 285 37 
11 77 274 -70 
4 83 252 -51 
29 112 245 -49 
24 378 78 50 
-15 100 298 -3 
18 81 254 1 
-12 51 248 0 
19 378 67 43 
22 70 247 -73 
-17 90 252 -2 
-9 107 256 -46 
5 54 254 -131 
-26 85 246 -28 
3 141 242 25 
21 91 255 43 
-8 257 230 -28 
25 454 281 46 
19 102 247 23 
-10 184 68 -83 
10 86 256 -55 
24 381 145 -43 
12 71 271 47 
23 230 280 48 
-1 170 236 -10 
-29 53 256 -3 
29 422 248 -26 
2 386 66 -119 
8 92 255 -64 
-20 75 256 0 
-28 211 279 28 
1 79 259 -2 
-15 65 67 -112 
-10 302 67 -145 
-26 216 254 18 
3 105 246 49 
28 84 266 -65 
20 392 239 39 
