9 59 261 -69 
-4 312 67 45 
-3 312 67 45 
6 153 358 13 
-29 115 273 -76 
-29 114 273 -75 
-30 114 273 -75 
-30 114 274 -75 
-24 136 254 -16 
25 302 67 -128 
-24 135 254 -15 
-22 97 250 -9 
-24 136 254 -15 
-22 97 250 -8 
-25 136 254 -15 
26 52 288 33 
-30 114 275 -75 
-10 155 236 35 
-29 159 289 46 
-25 135 254 -15 
-2 86 246 -10 
-2 85 246 -9 
-26 136 254 -15 
-30 159 289 46 
2 363 69 48 
-22 98 250 -8 
-23 98 250 -8 
-26 136 255 -15 
-30 114 276 -75 
-27 136 255 -15 
27 324 69 13 
-23 98 250 -7 
-30 164 285 19 
-24 99 250 -7 
-28 136 255 -15 
-30 163 285 19 
-30 114 277 -75 
-24 99 251 -7 
29 192 72 -1 
-25 99 251 -7 
-29 136 255 -15 
-25 100 251 -7 
-30 163 286 19 
28 246 68 50 
-26 100 251 -7 
-30 114 278 -75 
27 428 66 21 
28 324 69 13 
-30 163 287 19 
27 428 66 20 
-27 101 251 -7 
-27 101 252 -7 
-13 53 257 -40 
-26 115 253 -17 
-13 52 257 -40 
-26 115 253 -16 
-30 115 278 -75 
24 389 66 44 
-28 101 252 -7 
-30 163 288 19 
-13 52 257 -39 
-30 115 279 -75 
24 389 66 43 
-28 102 252 -7 
-27 115 253 -16 
-29 102 252 -7 
30 444 247 -16 
-20 166 260 14 
30 444 246 -16 
28 428 66 20 
-2 159 249 22 
-28 115 253 -16 
-30 103 253 -8 
-28 115 254 -16 
-30 103 253 -7 
-29 115 254 -16 
30 445 246 -16 
28 429 66 20 
29 246 68 50 
25 389 66 43 
30 424 74 50 
-30 115 254 -15 
28 429 67 20 
-30 104 253 -7 
30 424 74 49 
-11 52 280 -37 
-29 52 254 -52 
29 429 67 20 
-30 104 253 -8 
-11 51 280 -36 
-30 115 255 -15 
-28 51 254 -51 
30 445 246 -17 
25 389 67 43 
-10 51 280 -36 
30 446 246 -17 
28 350 69 50 
25 390 67 43 
26 390 67 43 
10 194 269 44 
-30 229 238 -27 
30 447 246 -17 
30 429 67 20 
30 430 67 20 
29 246 69 50 
30 424 75 49 
30 425 75 49 
30 430 68 20 
30 246 69 50 
-26 122 309 4 
27 390 67 43 
-10 51 281 -36 
-26 122 309 3 
29 350 69 50 
27 390 68 43 
30 430 68 19 
-27 122 309 3 
7 100 270 45 
27 391 68 43 
27 461 241 -7 
27 461 240 -7 
-28 122 309 3 
30 247 69 50 
28 461 240 -7 
28 391 68 43 
30 425 76 49 
30 431 68 19 
29 461 240 -7 
30 350 69 50 
-26 436 67 -120 
30 426 76 49 
30 350 70 50 
30 431 69 19 
28 391 69 43 
30 461 240 -8 
-26 99 251 -27 
-7 106 262 -33 
29 391 69 43 
-7 106 262 -32 
20 442 239 -29 
29 391 69 42 
28 326 234 -42 
30 461 239 -8 
20 442 238 -29 
29 392 69 42 
28 326 233 -41 
30 426 77 49 
30 461 239 -9 
30 432 69 19 
-29 420 237 21 
-7 139 275 50 
-29 420 236 21 
30 392 69 42 
30 426 77 48 
30 392 70 42 
30 427 77 48 
30 432 70 19 
30 247 70 50 
30 461 239 -10 
-8 106 262 -32 
-8 107 262 -32 
30 393 70 42 
30 350 71 50 
30 433 70 18 
30 393 71 42 
-9 107 262 -32 
-9 107 262 -31 
-9 108 262 -31 
30 248 70 50 
30 394 71 42 
30 78 240 24 
30 394 72 42 
25 51 250 -37 
6 108 281 -89 
25 51 249 -37 
5 108 281 -89 
30 350 72 50 
30 351 72 50 
30 248 71 50 
30 394 72 41 
-6 444 66 18 
30 395 73 41 
4 131 271 20 
15 451 248 -9 
15 451 247 -9 
3 417 67 36 
3 417 67 35 
25 51 248 -37 
30 395 74 41 
30 396 74 41 
30 351 73 50 
4 417 67 35 
1 127 263 47 
-30 52 186 18 
4 418 67 35 
5 418 67 35 
5 418 68 35 
30 396 75 41 
30 249 71 50 
-30 53 186 18 
30 249 72 50 
30 397 75 41 
-30 53 186 19 
6 418 68 35 
-30 124 260 -34 
-30 124 260 -33 
6 419 68 34 
-30 125 260 -33 
30 397 76 41 
-30 125 260 -32 
-17 85 253 1 
-30 126 260 -32 
12 62 245 -101 
30 351 74 50 
11 62 245 -101 
30 397 76 40 
10 51 261 -113 
-30 127 260 -32 
-18 85 253 1 
30 398 76 40 
-30 127 261 -31 
1 266 233 -6 
3 180 253 12 
26 406 68 24 
14 145 273 -6 
26 406 68 23 
-30 128 261 -31 
-19 85 253 1 
9 453 66 -120 
9 453 66 -119 
30 398 77 40 
-30 128 261 -30 
30 436 67 35 
-20 85 254 1 
30 436 67 34 
-30 129 261 -30 
-20 86 254 2 
-21 86 254 2 
10 453 66 -119 
25 254 67 -97 
27 406 68 23 
25 254 66 -96 
-30 129 262 -30 
22 169 239 32 
-30 397 162 4 
17 460 254 37 
-30 130 262 -30 
-22 86 254 2 
11 62 245 -102 
27 407 68 23 
-22 86 255 2 
11 62 246 -102 
27 407 69 23 
-22 87 255 3 
-23 87 255 3 
28 407 69 23 
30 351 75 50 
30 437 67 34 
30 437 68 34 
-24 87 255 3 
30 352 75 50 
11 63 246 -102 
24 256 66 40 
29 443 66 19 
29 443 66 18 
29 407 69 23 
29 408 69 23 
29 333 69 43 
29 408 70 23 
25 200 243 50 
30 438 68 34 
30 438 69 34 
30 443 66 18 
29 408 70 22 
30 408 70 22 
-28 65 256 -17 
-14 193 242 28 
-30 100 293 -12 
-28 65 256 -16 
-30 100 293 -11 
30 438 69 33 
30 444 66 18 
-27 109 260 -34 
29 378 75 36 
30 373 77 48 
-13 113 237 43 
30 444 67 18 
-27 108 260 -33 
29 378 75 35 
30 373 77 47 
-30 101 293 -11 
27 364 66 44 
-13 113 237 42 
17 326 67 35 
27 364 66 43 
30 352 76 50 
30 409 70 22 
-30 102 293 -11 
-30 102 293 -10 
1 460 66 9 
-28 65 256 -15 
30 439 69 33 
1 460 66 8 
30 409 71 22 
30 445 67 18 
30 378 75 35 
-28 65 257 -15 
30 439 70 33 
30 445 68 18 
-30 230 296 39 
2 460 66 8 
30 378 76 35 
5 454 146 -56 
-16 153 385 50 
-30 229 296 39 
30 445 68 17 
5 454 146 -55 
11 179 249 50 
28 364 66 43 
-28 65 257 -14 
-24 79 247 -147 
1 63 255 -98 
30 379 76 35 
5 454 145 -55 
-28 66 257 -14 
12 375 67 24 
2 461 66 8 
12 375 67 23 
30 410 71 22 
30 446 68 17 
-29 66 257 -14 
10 74 266 36 
30 440 70 33 
28 364 67 43 
26 413 85 46 
-12 158 283 -18 
30 446 69 17 
26 413 85 45 
-29 66 258 -14 
28 365 67 43 
30 410 72 22 
-29 66 258 -13 
9 64 246 40 
30 440 71 33 
29 365 67 43 
1 63 255 -99 
27 413 85 45 
30 352 77 50 
30 447 69 17 
-29 66 258 -12 
30 447 70 17 
-29 67 258 -12 
30 411 72 21 
-26 216 243 -19 
17 413 66 44 
-26 215 243 -18 
30 441 71 32 
17 413 66 43 
-28 432 187 29 
30 451 258 34 
30 451 257 33 
30 448 70 16 
30 365 67 43 
30 365 68 43 
30 411 73 21 
-17 448 186 14 
30 452 257 33 
30 441 72 32 
30 448 71 16 
18 413 66 43 
13 94 274 -88 
12 94 274 -88 
17 395 66 -102 
30 452 256 33 
17 395 66 -101 
30 453 256 33 
30 366 68 43 
30 449 71 16 
18 414 66 43 
30 412 73 21 
19 414 66 43 
12 95 274 -88 
30 442 72 32 
30 454 256 33 
-30 415 71 -37 
19 414 67 43 
30 416 67 36 
18 395 66 -101 
-9 130 246 34 
30 454 255 33 
30 416 67 35 
30 455 255 33 
30 412 74 21 
30 352 78 50 
28 104 245 -39 
18 396 66 -101 
20 414 67 43 
30 366 69 43 
-6 109 248 -68 
30 456 255 33 
-6 108 248 -67 
30 456 254 33 
20 414 67 42 
30 353 78 50 
19 396 66 -101 
20 415 67 42 
30 457 254 32 
29 104 245 -39 
19 396 66 -100 
21 415 67 42 
-7 108 248 -67 
30 458 253 32 
30 366 69 42 
-7 108 249 -67 
30 367 69 42 
21 415 68 42 
30 417 67 35 
30 459 253 32 
30 417 68 35 
22 415 68 42 
-8 108 249 -67 
22 416 68 42 
30 367 70 42 
29 119 257 -18 
16 436 66 29 
16 436 66 28 
23 416 68 42 
4 444 73 28 
-9 154 276 49 
30 77 274 45 
4 444 73 27 
30 418 68 35 
30 353 79 50 
23 416 69 42 
30 418 69 35 
17 436 66 28 
24 416 69 42 
30 368 70 42 
-17 119 266 41 
24 417 69 41 
30 418 69 34 
17 437 67 28 
17 452 155 -79 
23 281 239 -122 
30 368 71 42 
-27 74 261 -1 
-30 71 262 -1 
-27 74 261 0 
30 259 149 -28 
18 437 67 28 
-30 71 262 0 
25 417 69 41 
-21 121 258 -68 
30 419 69 34 
-27 75 261 0 
25 417 70 41 
-21 120 258 -67 
3 437 68 -147 
-28 75 262 0 
30 419 70 34 
-28 75 262 1 
19 437 67 28 
25 418 70 41 
-28 76 262 1 
19 438 67 28 
-19 235 238 39 
26 418 70 41 
-22 120 258 -67 
19 438 68 28 
-28 76 262 2 
-30 57 261 -141 
30 369 71 42 
-29 76 262 2 
-30 56 261 -141 
30 369 72 42 
30 353 80 50 
29 217 66 50 
-27 126 248 -27 
30 77 275 45 
-27 126 248 -26 
26 418 71 41 
-17 233 271 49 
27 418 71 41 
30 420 70 34 
-28 126 248 -26 
7 81 255 36 
22 263 66 -58 
-29 126 248 -26 
27 419 71 41 
30 420 71 34 
27 290 150 37 
-29 127 248 -26 
-5 116 67 -123 
27 290 149 37 
-30 127 248 -26 
30 77 275 46 
28 419 71 41 
-30 127 249 -26 
28 419 72 41 
30 369 72 41 
-30 127 249 -25 
30 370 73 41 
-30 128 249 -25 
30 421 71 34 
29 419 72 40 
30 421 71 33 
30 353 81 50 
29 420 72 40 
11 91 255 -53 
30 421 72 33 
23 263 66 -58 
-30 129 249 -25 
11 91 255 -52 
-30 129 250 -25 
2 263 66 -29 
29 420 73 40 
-30 129 250 -24 
30 77 276 46 
30 420 73 40 
-6 86 274 -56 
-17 66 275 -140 
-5 86 274 -56 
-16 66 275 -140 
30 370 74 41 
23 264 66 -58 
30 422 72 33 
-30 130 250 -24 
30 371 74 41 
30 422 73 33 
-30 130 251 -24 
-22 137 357 12 
14 169 276 28 
30 421 73 40 
30 421 74 40 
28 415 287 47 
28 415 286 46 
30 353 82 50 
-14 212 256 33 
-30 130 251 -23 
-14 211 256 33 
17 77 247 -64 
17 77 247 -63 
-16 201 265 42 
-30 130 252 -23 
-16 66 276 -140 
30 371 75 41 
30 422 74 33 
-30 131 252 -23 
30 423 74 33 
30 354 82 50 
-14 211 257 33 
-14 211 257 34 
6 405 69 42 
6 405 69 41 
30 372 75 41 
-5 86 275 -56 
-15 66 276 -140 
-30 131 253 -23 
-5 87 275 -56 
17 228 239 26 
0 219 255 48 
7 405 69 41 
30 449 245 -4 
30 423 75 33 
30 449 244 -4 
30 354 83 50 
-30 132 253 -23 
-15 66 277 -140 
30 372 76 41 
30 424 75 32 
17 77 248 -63 
7 406 69 41 
-4 90 252 -51 
-5 64 278 -39 
18 77 248 -63 
30 450 244 -4 
-5 63 278 -38 
0 219 256 48 
30 372 76 40 
30 373 76 40 
30 450 244 -5 
30 451 244 -5 
30 424 76 32 
-5 87 276 -56 
30 452 244 -5 
-30 139 253 35 
-5 87 276 -57 
30 373 77 40 
30 425 76 32 
-30 139 253 34 
27 410 272 20 
-14 66 277 -140 
27 410 271 19 
30 452 244 -6 
30 354 84 50 
-5 88 276 -57 
-22 163 250 41 
30 453 243 -6 
-30 139 254 34 
-22 162 250 41 
-3 63 239 18 
30 425 77 32 
-30 63 253 -115 
30 374 77 40 
30 454 243 -6 
-4 90 253 -51 
-30 139 255 34 
30 454 243 -7 
-28 438 252 35 
30 374 78 40 
30 426 77 32 
30 455 243 -7 
-24 137 239 -15 
-30 139 256 34 
-5 88 277 -57 
30 456 243 -7 
30 426 78 32 
30 456 242 -8 
30 354 85 50 
-5 63 279 -38 
-30 139 257 34 
30 457 242 -8 
-30 140 257 34 
6 443 66 40 
30 375 78 40 
6 443 66 39 
-17 81 279 -52 
30 375 79 40 
30 427 78 31 
30 458 242 -8 
21 86 276 39 
30 440 78 12 
30 458 242 -9 
20 85 276 39 
7 443 66 39 
-4 90 254 -51 
30 459 242 -9 
29 461 67 38 
29 461 67 37 
30 459 241 -9 
7 444 66 39 
-5 90 254 -51 
30 460 241 -9 
8 444 66 39 
16 115 241 -18 
28 459 278 50 
30 460 241 -10 
30 461 67 37 
30 375 79 39 
28 459 277 49 
29 459 277 49 
30 461 241 -10 
30 376 80 39 
30 461 68 37 
30 460 277 49 
-27 53 294 7 
30 460 276 49 
-26 53 294 7 
30 461 276 49 
30 461 241 -11 
-5 91 254 -51 
30 461 240 -11 
30 461 69 37 
-5 63 280 -38 
30 461 69 36 
-5 91 255 -51 
30 376 81 39 
-28 346 74 -130 
30 461 240 -12 
30 377 81 39 
-30 58 275 -143 
-30 57 275 -143 
30 461 70 36 
19 104 251 41 
30 461 240 -13 
18 103 251 41 
30 461 239 -13 
18 400 70 40 
30 461 71 36 
18 400 70 39 
30 377 82 39 
0 71 250 17 
-30 57 276 -143 
0 70 250 17 
30 87 260 -112 
18 104 251 41 
5 429 67 41 
30 461 71 35 
30 378 82 39 
5 429 67 40 
2 84 184 -28 
30 461 239 -14 
19 400 70 39 
-5 91 256 -51 
30 461 72 35 
6 459 158 -58 
6 429 67 40 
20 400 71 39 
-9 391 152 12 
20 401 71 39 
30 378 83 39 
7 70 253 -49 
-19 90 258 -31 
-19 90 258 -30 
30 461 73 35 
-5 63 281 -38 
6 430 67 40 
30 378 83 38 
-6 91 256 -51 
7 430 67 40 
21 401 71 39 
7 430 68 40 
-3 84 256 -34 
-6 63 281 -38 
30 379 83 38 
-3 84 256 -33 
19 86 247 26 
-20 90 258 -30 
30 461 73 34 
8 430 68 40 
-20 91 258 -30 
30 461 74 34 
-6 62 281 -38 
30 379 84 38 
8 430 68 39 
-21 91 258 -30 
8 431 68 39 
-20 193 255 23 
-6 91 257 -51 
-28 94 263 -19 
-20 192 255 23 
-28 94 263 -18 
9 431 68 39 
30 461 75 34 
-29 95 263 -18 
9 431 69 39 
30 380 84 38 
-6 92 257 -51 
-30 96 263 -18 
30 461 76 34 
30 380 85 38 
-25 185 296 47 
19 59 243 0 
30 461 76 33 
30 461 77 33 
-29 132 249 -78 
13 168 265 43 
19 177 67 15 
30 381 85 38 
-23 165 287 29 
30 381 86 38 
-23 164 287 29 
-6 92 258 -51 
-30 202 254 -47 
30 461 78 33 
-3 84 257 -33 
27 321 75 32 
27 321 75 31 
30 461 78 32 
30 381 86 37 
7 99 262 -48 
30 461 79 32 
-3 84 257 -32 
6 99 262 -48 
25 434 256 6 
28 321 75 31 
25 434 255 5 
8 454 152 30 
30 461 80 32 
8 454 152 29 
28 322 76 31 
30 461 80 31 
30 461 81 31 
-16 171 266 41 
-4 195 248 49 
-16 170 266 41 
-4 194 248 49 
-2 108 284 50 
-5 194 248 49 
-2 107 284 49 
-2 108 284 49 
-3 108 284 49 
-4 84 257 -32 
19 63 270 25 
-8 112 248 -48 
-4 84 258 -32 
-8 112 248 -47 
8 379 66 -72 
-24 56 261 -42 
-23 55 261 -42 
16 461 66 49 
16 461 66 48 
30 71 248 34 
-9 112 248 -47 
30 70 248 34 
10 84 264 -57 
17 461 66 48 
-9 113 248 -47 
-10 113 248 -47 
-20 234 66 -96 
-20 234 66 -95 
23 339 75 37 
18 461 66 48 
18 461 67 48 
23 257 234 32 
-4 84 258 -31 
19 461 67 48 
-23 55 262 -42 
19 461 67 47 
-4 175 268 46 
20 461 67 47 
20 461 68 47 
-23 54 262 -42 
21 461 68 47 
-22 54 262 -42 
18 427 67 37 
-4 84 259 -31 
18 427 67 36 
22 461 68 47 
30 70 249 34 
-13 186 241 38 
10 57 259 -84 
-13 185 241 38 
22 461 69 47 
9 57 259 -84 
19 427 67 36 
23 461 69 47 
23 461 69 46 
19 428 67 36 
24 461 69 46 
-15 74 253 6 
19 428 68 36 
-29 113 256 -46 
20 428 68 36 
24 461 70 46 
-29 113 256 -45 
-30 86 274 -43 
30 70 249 35 
-30 86 274 -42 
-16 74 253 6 
25 461 70 46 
-30 113 256 -45 
2 440 247 6 
-17 75 253 6 
2 440 246 5 
21 428 68 36 
-30 113 257 -45 
-30 87 274 -42 
26 461 70 46 
-30 114 257 -45 
21 429 68 36 
26 461 71 46 
3 440 246 5 
-30 114 257 -44 
21 429 69 35 
-29 155 256 -72 
27 461 71 45 
9 57 260 -84 
-29 154 256 -71 
22 429 69 35 
9 58 260 -84 
27 461 72 45 
30 70 250 35 
28 461 72 45 
22 430 69 35 
23 430 69 35 
29 461 72 45 
23 430 70 35 
-5 456 265 49 
-30 459 253 11 
24 430 70 35 
-11 169 249 29 
-11 168 249 29 
24 431 70 35 
-21 51 273 -38 
-11 437 66 -83 
-20 51 273 -37 
-11 437 66 -82 
30 69 250 35 
25 431 70 35 
-10 437 66 -82 
-12 97 381 34 
29 307 72 39 
-10 438 66 -82 
30 70 250 36 
30 69 250 36 
-9 304 67 -83 
-30 224 274 31 
-30 223 274 31 
-3 210 242 31 
-9 438 66 -81 
-3 209 242 31 
-13 97 381 34 
-9 439 66 -81 
-5 87 274 -124 
-4 87 274 -123 
-13 97 382 34 
-20 51 274 -37 
-8 439 66 -81 
-14 97 382 34 
19 458 254 -16 
30 307 72 40 
-8 440 66 -81 
30 443 238 4 
30 443 238 3 
-19 51 274 -37 
-15 97 382 34 
-8 440 66 -80 
23 51 269 38 
-15 97 383 34 
29 388 77 44 
-4 87 275 -123 
29 388 77 43 
-16 98 383 34 
-3 375 66 -37 
-2 375 66 -37 
-19 51 275 -37 
-4 87 275 -122 
30 388 77 43 
-15 98 254 0 
6 425 67 -116 
16 87 251 -97 
6 425 67 -115 
-7 321 71 -38 
15 87 251 -97 
30 388 78 43 
-4 87 276 -122 
30 389 78 43 
-18 51 275 -36 
7 425 67 -115 
-16 98 254 0 
7 426 67 -115 
-18 51 276 -36 
18 114 256 31 
-4 88 276 -122 
8 426 67 -114 
-17 98 254 0 
23 352 74 40 
23 352 74 39 
-17 315 245 -62 
30 389 79 43 
15 87 252 -97 
-18 98 255 0 
30 390 79 43 
12 100 251 -97 
-27 52 249 -18 
24 352 74 39 
-17 51 276 -36 
-26 51 249 -17 
-19 98 255 0 
-17 51 277 -36 
-5 127 273 45 
-16 111 265 50 
30 338 66 21 
-29 88 258 2 
-16 111 265 49 
30 338 66 20 
-6 127 273 45 
-17 111 265 49 
-20 98 255 0 
30 390 80 43 
-18 51 277 -36 
-29 88 258 3 
-26 188 249 -15 
-30 89 258 3 
-7 127 273 45 
25 352 75 39 
-29 239 243 9 
25 353 75 39 
-29 238 243 9 
15 87 253 -97 
19 90 66 46 
30 390 80 42 
-26 51 250 -17 
19 89 66 45 
30 391 80 42 
15 423 68 50 
-30 257 270 44 
15 423 68 49 
0 61 242 -147 
-17 51 278 -36 
4 77 257 -130 
30 338 67 20 
-25 51 250 -17 
4 76 257 -130 
19 188 261 37 
30 391 81 42 
30 339 67 20 
-18 51 278 -35 
-25 51 250 -16 
-17 51 278 -35 
-14 122 250 -61 
16 423 68 49 
-14 121 250 -60 
-14 238 257 34 
30 392 81 42 
-15 121 250 -60 
30 436 73 50 
16 424 68 49 
-15 121 251 -60 
30 436 73 49 
17 424 68 49 
-17 51 279 -35 
-22 245 254 50 
17 424 69 49 
-22 244 254 49 
30 392 82 42 
-16 121 251 -60 
23 440 246 -7 
-18 51 279 -35 
-16 121 251 -59 
-16 121 252 -59 
18 424 69 49 
30 436 74 49 
30 437 74 49 
18 425 69 48 
21 329 66 -66 
30 393 82 42 
30 393 83 42 
17 381 72 46 
19 425 69 48 
-20 337 68 -5 
17 381 72 45 
9 174 260 23 
9 458 180 -39 
19 425 70 48 
-7 73 252 -14 
-7 72 252 -13 
30 437 75 49 
20 425 70 48 
30 438 75 49 
18 381 72 45 
20 426 70 48 
30 393 83 41 
30 394 84 41 
30 407 80 16 
30 407 80 15 
-4 72 254 -66 
-4 72 254 -65 
21 426 70 48 
-8 128 384 50 
29 292 68 42 
-19 440 244 41 
-30 254 281 22 
30 438 76 49 
-19 440 243 40 
30 212 70 40 
2 51 270 29 
18 381 73 45 
1 51 270 29 
19 382 73 45 
21 426 71 48 
-30 149 260 41 
22 426 71 47 
26 364 74 37 
26 364 74 36 
-9 128 384 50 
30 439 76 48 
22 427 71 47 
5 78 261 -31 
4 78 261 -30 
23 427 71 47 
-4 356 67 -65 
30 439 77 48 
20 382 73 45 
30 217 237 -54 
1 51 271 29 
23 427 72 47 
24 427 72 47 
24 428 72 47 
30 440 77 48 
21 382 74 45 
21 383 74 45 
1 59 183 31 
-22 244 255 49 
30 440 78 48 
25 428 72 47 
9 110 261 -48 
8 110 261 -47 
21 383 74 44 
-9 117 269 -34 
25 428 73 47 
-9 117 269 -33 
26 428 73 47 
-11 70 252 -3 
-8 141 264 47 
30 212 70 41 
29 373 247 43 
28 423 68 -22 
30 441 78 48 
26 429 73 47 
29 373 246 43 
26 429 73 46 
-17 461 182 -9 
30 441 79 48 
30 293 71 -123 
-16 461 182 -8 
30 213 70 41 
27 429 73 46 
-22 144 263 10 
30 401 69 39 
30 401 69 38 
27 429 74 46 
26 450 69 -4 
0 421 261 48 
0 421 260 47 
28 429 74 46 
28 430 74 46 
27 450 69 -4 
27 450 70 -4 
27 450 70 -5 
27 451 70 -5 
-20 95 239 32 
4 78 262 -30 
30 401 70 38 
15 65 257 -119 
28 430 75 46 
28 451 70 -5 
14 65 257 -119 
29 430 75 46 
30 402 70 38 
-21 105 275 -75 
-21 95 239 32 
29 452 71 -5 
8 110 262 -47 
30 431 75 46 
30 213 70 42 
-22 105 275 -75 
-22 95 239 32 
30 452 71 -5 
30 431 76 46 
-22 105 276 -75 
30 402 71 38 
-22 105 276 -76 
30 213 71 42 
-23 105 276 -76 
30 403 71 38 
-23 105 277 -76 
30 214 71 42 
-24 105 277 -76 
30 432 76 45 
-24 105 277 -77 
30 432 77 45 
30 403 72 38 
30 90 273 32 
9 368 66 -138 
30 404 72 37 
29 385 75 26 
17 461 68 38 
30 433 78 45 
17 461 68 37 
30 404 73 37 
30 214 71 43 
-18 63 256 -11 
18 461 68 37 
-17 62 256 -10 
-29 198 269 19 
-29 197 269 19 
-3 84 260 -123 
30 405 73 37 
19 461 69 37 
30 433 79 45 
-28 208 251 -9 
30 434 79 45 
20 418 149 -57 
-17 62 257 -10 
18 401 250 6 
20 461 69 37 
18 401 249 5 
-19 397 67 -145 
-2 194 259 46 
-18 397 67 -145 
-2 193 259 46 
-17 107 253 -11 
20 461 70 37 
20 461 70 36 
30 215 71 43 
21 461 70 36 
30 434 80 45 
22 461 70 36 
22 461 71 36 
23 461 71 36 
30 215 71 44 
-20 106 254 -12 
-21 106 254 -12 
-30 216 254 35 
24 461 72 36 
-29 186 357 -71 
30 215 72 44 
24 461 72 35 
-15 199 246 39 
25 461 72 35 
-15 198 246 39 
-18 97 182 -15 
26 461 73 35 
-17 157 244 10 
-17 156 244 10 
13 341 68 -78 
5 344 239 -35 
27 461 73 35 
27 461 74 35 
30 216 72 44 
28 461 74 35 
29 301 66 -78 
28 461 74 34 
30 216 72 45 
29 461 74 34 
29 461 75 34 
8 128 246 37 
-8 144 246 -39 
-10 52 263 -8 
-8 143 246 -38 
-10 51 263 -8 
10 352 67 48 
27 444 72 43 
27 444 72 42 
28 444 72 42 
-7 102 252 -37 
-24 367 66 -33 
30 451 81 36 
28 445 72 42 
30 451 81 35 
11 352 67 48 
28 445 73 42 
11 352 67 49 
-15 72 253 17 
30 216 72 46 
30 451 82 35 
30 217 72 46 
-1 61 250 1 
30 452 82 35 
-1 60 250 1 
11 352 68 49 
-16 72 253 17 
30 461 79 33 
12 352 68 49 
-16 73 253 17 
-14 219 236 -137 
-17 73 253 17 
30 217 73 46 
-17 73 254 17 
8 360 66 -103 
8 360 66 -102 
21 416 74 49 
-18 73 254 17 
21 416 74 48 
12 352 68 50 
-18 74 254 17 
-21 126 247 -54 
-19 74 254 17 
-21 125 247 -53 
30 461 81 32 
-20 74 254 17 
22 416 74 48 
13 352 68 50 
-20 74 254 16 
-20 74 255 16 
13 353 68 50 
-21 74 255 16 
-21 75 255 16 
21 55 259 35 
13 353 69 50 
-22 75 255 16 
-20 104 273 -55 
-29 120 292 -19 
6 382 152 40 
-29 120 292 -18 
30 217 73 47 
23 417 75 48 
20 91 261 -57 
6 382 151 39 
-21 104 273 -55 
20 91 261 -56 
-30 120 292 -18 
-21 105 273 -55 
18 444 67 39 
-22 105 273 -55 
18 444 67 38 
27 302 78 47 
14 353 69 50 
24 417 75 48 
-21 446 246 -9 
2 72 251 -34 
1 72 251 -33 
19 444 67 38 
28 352 68 22 
3 361 66 35 
28 352 68 21 
24 417 76 48 
3 361 66 34 
19 445 67 38 
25 418 76 48 
20 445 68 38 
20 91 262 -56 
25 418 76 47 
-8 439 254 31 
-7 439 253 30 
15 353 69 50 
15 353 70 50 
29 352 68 21 
26 418 76 47 
26 430 66 45 
-27 73 277 -36 
-30 132 257 -85 
14 338 240 13 
21 445 68 38 
26 430 66 44 
-27 73 277 -35 
29 352 69 21 
-30 132 257 -84 
21 446 68 38 
26 418 77 47 
29 353 69 21 
30 442 70 4 
27 419 77 47 
30 442 70 3 
-23 195 279 50 
21 446 69 38 
20 91 262 -55 
30 353 69 21 
-23 194 279 50 
21 446 69 37 
-1 89 260 17 
22 446 69 37 
27 430 66 44 
28 419 77 47 
-30 135 247 -51 
27 431 66 44 
30 442 70 2 
-30 132 258 -84 
-30 134 247 -50 
22 447 69 37 
27 431 67 44 
23 447 69 37 
30 443 70 2 
28 431 67 44 
28 419 78 47 
29 419 78 47 
30 443 71 2 
23 447 70 37 
-17 407 66 -112 
29 420 78 47 
-27 74 277 -35 
30 443 71 1 
24 447 70 37 
29 431 67 44 
-27 74 278 -35 
21 370 78 43 
29 432 67 44 
-28 74 278 -35 
21 370 78 42 
20 445 67 25 
2 72 184 -12 
24 448 70 37 
20 445 67 24 
-28 111 236 50 
1 71 184 -11 
29 432 68 44 
-27 121 247 -83 
-28 111 236 49 
11 147 67 -18 
25 448 70 37 
-28 74 278 -34 
25 448 71 37 
26 460 258 30 
26 460 257 29 
30 432 68 43 
21 445 67 24 
27 460 257 29 
22 370 78 42 
25 448 71 36 
27 461 257 29 
28 461 256 29 
-28 75 278 -34 
-28 232 236 -17 
26 449 71 36 
21 446 67 24 
29 461 256 29 
30 433 68 43 
21 446 68 24 
30 461 256 29 
30 433 69 43 
22 446 68 24 
26 449 72 36 
30 461 255 29 
27 449 72 36 
21 438 186 -48 
27 450 72 36 
5 452 252 -12 
30 461 254 29 
28 450 72 36 
23 446 68 24 
23 447 68 24 
28 450 73 36 
30 434 69 43 
23 447 69 24 
30 461 253 29 
7 461 273 35 
-29 69 253 -135 
29 450 73 36 
-29 68 253 -135 
29 451 73 36 
30 434 70 43 
22 460 243 -17 
24 447 69 23 
7 413 70 49 
9 91 244 23 
22 460 242 -17 
30 202 66 35 
7 413 70 48 
29 451 73 35 
16 86 250 -43 
17 65 257 22 
30 451 73 35 
16 86 250 -42 
16 126 241 -24 
23 460 242 -17 
30 451 74 35 
30 461 252 29 
15 125 241 -23 
11 53 261 21 
24 461 242 -17 
24 448 69 23 
2 453 74 48 
30 452 74 35 
30 434 70 42 
25 448 69 23 
2 453 74 47 
30 435 70 42 
25 461 242 -17 
25 448 70 23 
2 322 66 -29 
-28 148 274 38 
-28 147 274 38 
30 452 75 35 
30 461 251 29 
-29 68 254 -135 
30 435 71 42 
1 273 71 -71 
-1 281 66 -24 
30 453 75 35 
15 125 242 -23 
26 448 70 23 
16 86 251 -42 
26 449 70 23 
-16 137 232 -94 
26 449 71 23 
22 404 69 50 
30 453 76 34 
27 449 71 23 
30 461 250 29 
30 436 71 42 
30 454 76 34 
29 96 240 47 
29 96 240 46 
27 449 71 22 
30 436 72 42 
29 95 240 46 
28 450 71 22 
-10 89 70 -60 
30 454 77 34 
28 450 72 22 
30 202 66 36 
30 455 77 34 
30 461 249 29 
29 395 86 50 
29 450 72 22 
29 395 86 49 
16 86 252 -42 
29 451 72 22 
-28 111 250 -27 
30 437 72 42 
-28 110 250 -26 
30 203 66 36 
30 456 78 34 
30 437 73 42 
30 451 72 22 
30 451 73 22 
30 456 78 33 
30 461 248 29 
-16 102 281 -140 
-21 109 248 -46 
30 452 73 22 
-16 102 281 -139 
-21 109 248 -45 
-30 424 251 48 
30 457 79 33 
30 437 73 41 
-19 454 233 -108 
-22 109 248 -45 
30 461 247 29 
16 86 253 -42 
30 438 74 41 
4 394 241 49 
-22 109 249 -45 
30 458 79 33 
-23 109 249 -45 
30 458 80 33 
-15 133 241 46 
-23 110 249 -45 
30 458 80 32 
30 461 246 29 
-20 169 256 25 
-24 110 249 -45 
30 203 66 37 
-20 168 256 25 
30 459 80 32 
30 438 75 41 
-21 168 256 25 
-24 110 250 -45 
30 459 81 32 
-21 169 256 25 
-25 110 250 -45 
-25 195 238 24 
30 203 67 37 
18 382 245 17 
-25 194 238 24 
-22 168 256 25 
-22 169 257 25 
30 461 245 29 
-22 168 257 26 
-26 110 250 -45 
30 460 81 32 
-23 168 257 26 
21 62 257 -99 
10 86 252 -64 
-26 110 251 -45 
20 62 257 -99 
9 86 252 -63 
-15 368 151 12 
-23 169 257 26 
30 204 67 37 
-27 110 251 -45 
30 461 245 30 
24 403 237 50 
-10 183 234 -141 
24 403 236 50 
-27 111 251 -45 
-10 182 234 -141 
30 461 244 30 
-28 111 251 -45 
30 461 244 29 
-28 111 252 -45 
-28 111 252 -44 
30 384 67 18 
30 384 67 17 
-12 64 252 -147 
-11 63 252 -147 
19 63 248 -90 
30 383 187 -54 
18 63 248 -90 
30 383 186 -53 
30 204 67 38 
9 86 253 -63 
