30 -7 397 246 -265 41 
30 -7 396 246 -265 40 
221 6 379 217 -261 -54 
45 1 354 231 -258 171 
291 9 399 248 -256 -32 
33 -1 435 200 -295 166 
208 10 386 246 -284 -66 
37 -5 368 225 -264 109 
45 0 353 231 -258 170 
33 0 434 200 -295 165 
37 -4 367 225 -264 108 
31 -12 425 184 -252 192 
30 -12 424 183 -252 191 
67 -15 367 229 -284 123 
76 -6 369 220 -296 134 
80 -10 367 208 -295 130 
67 -14 366 228 -284 122 
76 -5 368 219 -296 133 
57 3 410 244 -269 200 
51 -6 385 221 -288 153 
56 -2 361 209 -293 194 
80 -9 366 208 -295 129 
57 3 409 243 -269 199 
51 -5 384 220 -288 152 
56 -1 360 208 -293 193 
32 -1 368 206 -279 133 
32 1 405 246 -260 85 
48 -1 432 72 -284 8 
31 -3 403 247 -275 164 
32 0 367 205 -279 132 
76 -4 394 221 -255 130 
72 -10 423 169 -271 182 
62 2 374 241 -269 94 
31 -2 402 247 -275 163 
183 -6 423 62 -288 15 
41 7 353 218 -253 182 
53 -10 391 144 -251 149 
62 2 373 240 -269 93 
56 -11 444 178 -263 179 
83 -5 388 249 -259 155 
55 -11 443 177 -263 178 
31 -3 402 247 -275 163 
37 -13 384 189 -288 190 
70 4 420 216 -293 177 
83 -4 387 248 -259 154 
277 9 449 201 -257 -19 
56 0 360 208 -293 193 
65 -4 414 231 -265 103 
37 -12 384 189 -288 189 
57 -1 411 194 -277 157 
70 4 419 215 -293 176 
35 -7 430 145 -271 192 
51 -4 384 220 -288 152 
44 0 421 211 -298 155 
57 0 410 193 -277 156 
300 12 399 235 -253 -96 
79 -7 387 214 -252 170 
299 10 399 235 -252 -95 
82 -13 409 229 -264 162 
79 -6 386 213 -252 169 
201 -10 418 240 -273 -51 
52 -4 384 220 -288 152 
63 0 443 236 -293 176 
44 -13 419 243 -298 109 
72 -8 370 237 -253 79 
63 0 442 235 -293 175 
83 -3 387 248 -259 154 
52 -3 384 220 -288 152 
45 -6 432 244 -289 111 
150 -6 381 115 -275 -17 
70 5 419 215 -293 176 
66 6 379 215 -262 157 
299 13 432 189 -256 -38 
298 9 376 247 -276 -70 
79 -5 386 213 -252 169 
64 2 350 241 -287 110 
84 -3 387 248 -259 154 
57 4 409 243 -269 199 
66 6 378 214 -262 156 
43 7 431 247 -270 152 
141 -11 380 126 -287 -33 
64 2 350 240 -287 109 
39 -2 412 200 -264 192 
84 -3 387 248 -260 154 
52 -2 384 220 -289 152 
53 -13 430 234 -262 54 
44 9 437 202 -257 172 
80 -5 386 213 -252 169 
130 -4 399 207 -271 199 
31 -3 368 250 -271 145 
52 1 394 161 -250 197 
84 -2 387 248 -260 154 
53 -2 384 220 -289 152 
73 1 427 229 -281 169 
52 1 394 160 -250 196 
97 -12 353 220 -275 195 
58 0 410 193 -278 156 
64 3 350 240 -287 109 
58 4 409 243 -269 199 
38 10 395 245 -288 100 
71 1 374 201 -261 189 
80 -4 386 213 -253 169 
53 -1 384 220 -289 152 
45 -11 363 176 -280 114 
37 -5 418 180 -250 185 
38 -12 426 188 -272 132 
65 3 350 240 -287 109 
46 -9 397 192 -272 100 
52 2 394 160 -250 196 
38 -11 425 188 -272 131 
68 -11 439 229 -288 122 
63 2 366 221 -269 -37 
82 -3 367 248 -255 136 
58 1 410 193 -278 156 
90 -15 394 241 -295 182 
35 -2 400 197 -265 81 
65 4 350 240 -288 109 
85 -2 387 248 -260 154 
85 -1 387 248 -260 154 
58 4 409 243 -270 199 
78 -8 386 196 -276 164 
81 -4 386 213 -253 169 
54 0 384 220 -289 152 
275 9 409 202 -252 -24 
42 8 406 233 -254 135 
73 -5 398 250 -279 161 
81 -3 386 213 -253 169 
58 5 409 243 -270 199 
54 0 384 220 -290 152 
46 5 409 234 -293 196 
30 1 359 234 -255 29 
46 5 408 233 -293 195 
85 -1 387 248 -261 154 
30 1 358 234 -255 28 
66 5 350 240 -288 109 
88 -11 405 222 -290 159 
58 2 410 193 -278 156 
112 -13 375 241 -251 169 
55 -14 370 159 -259 160 
81 -3 386 213 -254 169 
30 15 439 189 -270 172 
85 0 387 248 -261 154 
54 0 384 220 -290 151 
58 -9 428 175 -274 190 
60 -11 376 228 -267 180 
30 15 438 188 -270 171 
42 -6 444 220 -295 181 
60 12 436 244 -252 193 
57 -14 377 218 -268 91 
81 -2 386 213 -254 169 
86 0 387 248 -261 154 
58 -1 359 220 -297 199 
42 -6 443 219 -295 180 
108 -6 377 222 -281 192 
57 -13 376 217 -268 90 
82 -2 386 213 -254 169 
66 6 350 240 -289 109 
41 -3 438 233 -292 133 
69 -14 373 165 -268 174 
64 -15 377 228 -253 175 
59 5 409 243 -270 199 
55 0 384 220 -290 151 
64 -14 376 227 -253 174 
46 4 357 217 -280 129 
70 -8 355 216 -274 125 
59 6 409 243 -270 199 
66 -2 383 239 -271 109 
52 -15 361 227 -253 132 
35 8 374 203 -287 131 
72 0 383 245 -282 126 
131 -5 370 222 -273 -41 
86 0 386 248 -261 154 
66 -1 382 238 -271 108 
57 5 447 230 -291 167 
54 -9 362 176 -268 114 
83 -3 412 225 -298 184 
64 -14 376 228 -253 174 
86 0 386 248 -261 153 
59 -14 399 245 -259 96 
75 -4 388 238 -280 183 
82 -2 386 213 -254 168 
59 -14 398 245 -259 95 
288 9 446 222 -254 -31 
57 -12 376 217 -268 90 
82 -1 386 213 -254 168 
97 -6 388 225 -268 -67 
86 0 386 248 -262 153 
120 14 449 241 -271 -29 
38 -9 419 230 -296 110 
64 -15 376 228 -253 174 
82 -1 385 213 -254 168 
38 -8 418 230 -296 109 
58 -12 376 217 -268 90 
87 0 386 248 -262 153 
50 -10 406 217 -277 156 
116 -6 355 243 -272 -69 
55 -1 399 229 -285 147 
82 -1 385 213 -255 168 
59 6 409 243 -271 199 
263 15 402 219 -255 -109 
50 -10 405 217 -277 155 
83 -1 385 213 -255 168 
75 -1 389 245 -276 175 
33 15 440 213 -276 179 
72 -15 398 229 -258 122 
31 4 358 215 -295 140 
42 -15 425 170 -277 139 
58 -11 376 217 -268 90 
75 0 388 244 -276 174 
87 1 386 248 -262 153 
254 1 367 238 -260 -52 
58 -11 376 217 -269 90 
59 7 409 243 -271 199 
85 13 448 191 -267 -19 
83 0 385 213 -255 168 
83 0 368 224 -264 147 
30 -7 396 246 -266 40 
30 2 358 234 -255 28 
44 2 359 183 -259 113 
33 12 355 238 -277 94 
60 7 409 243 -271 199 
35 -4 421 245 -261 39 
214 0 365 220 -262 -75 
45 -11 421 243 -299 141 
288 14 381 207 -255 -74 
46 -2 443 229 -284 107 
49 10 423 226 -257 158 
59 -11 376 217 -269 90 
191 -3 357 114 -300 4 
61 -4 412 186 -257 193 
59 -10 376 217 -269 90 
61 -3 411 185 -257 192 
45 0 380 226 -269 185 
60 4 364 226 -284 139 
88 2 386 248 -263 153 
37 -8 432 209 -298 -7 
45 0 379 226 -269 184 
282 6 387 241 -290 -31 
102 -10 383 220 -277 170 
67 9 389 228 -250 167 
174 7 423 204 -261 -36 
84 0 385 213 -255 168 
76 0 388 244 -276 174 
75 -5 404 190 -276 182 
67 9 388 227 -250 166 
105 -9 404 246 -293 159 
51 -9 430 215 -286 135 
75 -4 403 189 -276 181 
60 -9 444 221 -262 191 
45 -15 414 232 -252 52 
43 13 366 202 -270 175 
57 11 372 215 -251 175 
77 -11 428 229 -261 112 
59 -9 376 217 -270 90 
84 0 385 213 -256 168 
76 -9 367 199 -259 167 
37 -13 423 185 -259 144 
76 1 388 244 -277 174 
48 13 365 246 -282 165 
31 -5 433 226 -266 131 
60 -9 376 217 -270 90 
31 15 438 188 -271 171 
69 -4 379 219 -299 198 
47 -6 382 217 -279 125 
67 -9 382 200 -257 128 
70 -13 371 191 -255 99 
51 -2 415 175 -285 174 
33 -15 431 204 -277 200 
88 3 386 248 -263 153 
64 -14 376 228 -254 174 
33 -14 431 203 -277 199 
75 -3 403 189 -276 181 
61 -2 411 185 -257 192 
59 7 359 247 -259 99 
60 -8 376 217 -270 90 
35 -6 442 194 -259 118 
114 -13 367 242 -299 193 
64 -15 376 228 -254 174 
73 1 401 223 -260 196 
35 -6 441 193 -259 117 
60 -8 375 217 -270 90 
73 1 400 222 -260 195 
77 1 388 244 -277 174 
77 2 388 244 -277 174 
39 1 351 177 -257 123 
61 -8 375 217 -270 90 
39 1 350 176 -257 122 
44 2 360 192 -268 137 
61 -7 375 217 -271 90 
62 -2 411 185 -258 192 
67 2 439 226 -300 173 
38 -9 372 163 -269 180 
34 -14 359 188 -266 105 
67 2 438 225 -300 172 
46 -5 356 242 -260 63 
47 -3 403 208 -297 121 
55 -8 430 196 -284 194 
65 -15 377 162 -251 158 
44 10 418 240 -273 113 
71 4 410 211 -295 189 
54 -8 429 196 -284 193 
62 -1 411 185 -258 192 
63 -10 381 196 -289 173 
32 -4 409 243 -285 31 
61 -6 375 217 -271 90 
73 2 400 222 -260 195 
77 2 388 244 -278 174 
245 15 446 226 -279 -17 
30 13 384 240 -274 150 
62 -6 375 217 -271 90 
77 3 388 244 -278 174 
51 -9 371 174 -255 150 
254 12 437 216 -258 -22 
76 -3 351 227 -288 137 
56 -14 363 191 -269 140 
78 3 388 244 -278 174 
35 -8 447 241 -265 126 
30 13 372 243 -288 169 
63 0 355 237 -267 105 
74 -10 423 243 -264 115 
62 -6 375 217 -271 89 
74 2 400 222 -260 195 
48 -4 426 223 -273 90 
55 11 423 238 -281 145 
61 -13 410 231 -287 152 
63 -8 383 200 -254 116 
36 -8 368 180 -266 126 
47 2 359 241 -274 153 
73 13 367 228 -269 199 
46 -6 395 216 -278 194 
62 -5 375 217 -272 89 
63 -7 382 199 -254 115 
63 -8 388 222 -273 101 
38 -15 409 240 -299 111 
290 9 388 250 -258 -38 
54 -15 379 204 -264 185 
78 4 388 244 -278 174 
62 0 411 185 -258 192 
159 1 405 110 -283 -27 
76 -6 429 219 -261 146 
43 2 365 225 -293 159 
54 -14 378 204 -264 184 
78 4 388 244 -278 173 
89 -14 428 250 -289 175 
204 -2 365 233 -266 -70 
34 0 388 215 -279 154 
74 3 400 222 -261 195 
89 -13 427 249 -289 174 
38 14 417 216 -281 158 
77 3 352 250 -263 181 
85 -1 356 230 -257 162 
63 -6 382 199 -254 115 
78 4 387 244 -278 173 
77 -10 361 227 -273 151 
59 2 402 192 -256 188 
87 -12 412 240 -285 135 
79 4 387 244 -278 173 
84 -1 363 241 -285 164 
64 -6 382 199 -254 115 
32 15 438 188 -271 171 
79 4 387 244 -279 173 
84 0 362 240 -285 163 
134 13 448 231 -262 -44 
74 -2 417 246 -298 125 
94 -15 387 231 -298 154 
31 -14 409 150 -256 182 
49 7 433 246 -296 178 
62 4 380 220 -270 200 
32 15 438 188 -272 171 
75 3 400 222 -261 195 
79 5 387 244 -279 173 
49 7 432 245 -296 177 
55 -1 389 191 -261 156 
99 -3 370 229 -297 196 
64 -14 376 228 -255 174 
104 -14 371 230 -251 184 
64 -5 382 199 -255 115 
75 4 400 222 -261 195 
38 -10 425 188 -272 131 
52 -12 400 229 -274 107 
297 15 389 223 -262 -96 
73 -7 401 232 -299 120 
37 14 359 226 -255 164 
35 14 356 203 -285 171 
79 -13 363 237 -255 193 
77 -8 439 243 -256 197 
100 -13 416 230 -263 174 
64 -15 376 228 -255 174 
80 -4 403 241 -271 128 
45 9 382 232 -286 129 
36 -7 427 204 -288 79 
50 -10 382 225 -275 152 
103 -15 394 224 -288 169 
43 -5 369 196 -283 168 
80 6 387 244 -279 173 
36 -6 426 203 -288 78 
117 -12 443 240 -258 199 
43 -4 368 195 -283 167 
76 -4 404 227 -284 157 
49 8 432 245 -296 177 
298 6 416 219 -255 -72 
45 6 406 217 -291 122 
43 15 380 243 -269 142 
75 5 400 222 -262 195 
80 6 387 244 -280 173 
66 -15 438 207 -299 200 
68 -15 431 227 -298 145 
76 5 400 222 -262 195 
37 8 393 243 -253 -58 
35 12 377 249 -272 105 
38 13 416 180 -254 177 
79 -8 403 210 -278 175 
34 -9 380 198 -296 113 
38 -10 425 188 -273 131 
50 8 432 245 -296 177 
76 5 400 222 -262 194 
49 1 351 249 -297 92 
83 -14 357 217 -264 139 
34 7 412 242 -252 105 
211 -15 445 245 -257 -47 
30 -7 396 246 -267 40 
94 -4 382 246 -284 153 
80 7 387 244 -280 173 
57 -7 374 221 -261 145 
167 1 430 234 -259 -35 
43 -3 368 195 -283 167 
32 15 438 188 -272 170 
31 -1 356 222 -256 129 
61 -3 407 206 -260 186 
81 7 387 244 -280 173 
50 9 432 245 -297 177 
43 13 450 238 -294 -52 
30 -8 396 246 -267 40 
69 -14 371 204 -292 134 
89 1 387 229 -266 181 
66 -1 364 240 -273 152 
44 -3 368 195 -283 167 
76 6 400 222 -262 194 
149 -10 391 235 -294 -27 
63 -13 396 197 -274 191 
66 0 363 239 -273 151 
68 -5 399 217 -275 180 
39 -6 382 245 -281 154 
60 -13 360 199 -264 158 
81 8 387 244 -280 173 
48 -6 366 247 -275 143 
44 -2 368 195 -283 167 
33 15 438 188 -272 170 
76 6 399 222 -262 194 
53 -1 416 191 -261 145 
64 -14 376 228 -256 174 
54 -13 378 204 -264 184 
81 8 387 244 -281 173 
31 3 366 200 -258 192 
104 2 400 231 -272 -52 
64 -15 376 228 -256 174 
77 6 399 222 -262 194 
52 -13 429 215 -273 103 
73 -13 403 236 -270 112 
33 15 438 188 -273 170 
286 -12 363 217 -256 -65 
38 1 446 174 -252 135 
116 10 439 227 -252 -40 
166 6 381 129 -269 0 
64 -15 375 228 -256 174 
55 -13 378 204 -264 184 
77 6 399 222 -263 194 
103 -14 437 221 -287 173 
33 -10 420 177 -258 95 
64 -14 375 228 -256 174 
67 0 363 239 -273 151 
82 8 387 244 -281 173 
30 12 411 197 -256 199 
38 -13 350 208 -280 79 
68 -8 435 216 -297 198 
85 -7 424 247 -261 141 
45 -1 368 195 -283 167 
77 7 399 222 -263 194 
82 9 387 244 -281 173 
55 -15 427 169 -273 152 
67 1 363 239 -274 151 
82 9 386 244 -281 172 
45 -6 378 220 -280 149 
55 11 377 233 -251 124 
34 -14 435 180 -261 173 
48 -15 405 144 -266 194 
45 -1 368 195 -284 167 
37 -14 363 186 -281 132 
40 2 358 234 -294 64 
54 -7 435 179 -282 163 
65 -14 418 142 -252 186 
36 -8 369 168 -254 99 
78 -10 396 207 -273 -22 
37 8 362 225 -262 127 
70 -15 406 208 -257 93 
45 0 368 195 -284 167 
35 14 363 206 -274 144 
37 6 361 237 -272 137 
62 4 371 239 -273 163 
36 -1 370 227 -250 177 
45 -8 444 175 -250 144 
68 1 363 239 -274 151 
35 14 362 205 -274 143 
68 2 363 239 -274 151 
55 -13 378 204 -265 184 
60 -5 433 211 -286 183 
184 12 371 225 -294 -26 
186 5 413 132 -296 -31 
58 2 444 226 -297 195 
38 6 386 245 -297 173 
39 -10 425 188 -273 131 
78 7 399 222 -263 194 
44 -7 419 206 -293 125 
40 -3 435 212 -281 117 
46 0 368 195 -284 167 
78 8 399 222 -263 194 
137 -10 366 244 -269 -80 
51 -8 399 206 -264 169 
64 -11 399 220 -251 79 
46 0 368 195 -284 166 
30 -8 395 246 -267 40 
152 -9 363 207 -258 195 
30 -8 395 247 -267 40 
62 4 372 239 -295 112 
37 3 383 203 -290 108 
291 12 361 210 -253 -51 
62 4 371 238 -295 111 
227 14 366 234 -262 -46 
42 1 408 240 -260 102 
70 -13 365 247 -280 149 
68 2 363 239 -275 151 
290 11 360 210 -252 -50 
41 -10 447 152 -255 164 
48 -11 440 241 -254 -38 
54 -14 379 185 -260 157 
68 3 363 239 -275 151 
290 11 361 210 -252 -50 
45 4 384 220 -285 174 
290 10 361 211 -252 -50 
69 3 363 239 -275 151 
78 8 399 222 -264 194 
290 9 361 211 -252 -50 
44 -8 409 173 -268 159 
56 9 367 221 -287 197 
290 9 361 212 -252 -50 
242 1 398 232 -256 -48 
86 -11 441 244 -300 199 
64 -14 375 228 -257 174 
46 1 368 195 -284 166 
56 9 366 220 -287 196 
64 -15 375 228 -257 174 
47 1 368 195 -284 166 
102 -12 382 223 -250 161 
35 15 362 205 -274 143 
90 -3 394 246 -274 200 
67 -14 376 228 -293 56 
46 -5 407 242 -258 97 
69 4 363 239 -275 151 
33 -15 435 223 -299 181 
64 -15 375 228 -257 173 
69 4 363 239 -275 150 
78 9 399 222 -264 194 
295 6 370 218 -251 -14 
84 -12 420 220 -274 187 
69 4 362 239 -275 150 
47 2 368 195 -284 166 
79 9 399 222 -264 194 
70 4 362 239 -275 150 
82 -5 360 226 -271 164 
40 14 390 248 -276 166 
47 2 368 195 -285 166 
57 8 434 239 -288 147 
48 -10 369 199 -253 145 
70 4 362 239 -276 150 
48 2 368 195 -285 166 
36 15 362 205 -274 143 
63 1 407 204 -289 189 
73 -5 359 243 -251 170 
70 5 362 239 -276 150 
71 -12 369 250 -282 87 
52 3 400 194 -267 192 
71 -11 368 249 -282 86 
79 9 399 222 -264 193 
84 -12 397 240 -300 189 
53 15 441 235 -288 182 
74 -10 379 208 -286 140 
39 -9 425 188 -273 131 
48 3 368 195 -285 166 
55 -12 378 204 -265 184 
56 10 366 220 -287 196 
49 13 362 231 -270 151 
71 -10 368 249 -282 86 
42 -6 360 203 -270 152 
72 -13 384 243 -286 131 
35 13 396 218 -263 189 
269 13 411 242 -253 -123 
72 -10 368 249 -282 86 
89 -15 421 240 -264 149 
68 -4 405 245 -286 103 
66 -7 396 201 -274 178 
71 6 362 239 -276 150 
57 10 366 220 -287 196 
89 -14 420 239 -264 148 
75 -2 375 193 -274 188 
73 -14 403 209 -265 169 
48 4 368 195 -285 166 
72 -9 368 249 -283 86 
295 -12 421 232 -292 -28 
35 11 364 181 -260 177 
33 -9 406 207 -299 167 
49 4 368 195 -285 166 
40 5 367 250 -275 153 
246 0 383 202 -251 -35 
41 -14 369 234 -277 52 
87 -14 421 208 -254 166 
56 -12 378 204 -265 184 
49 4 368 195 -285 165 
30 -8 395 247 -268 40 
72 -8 368 249 -283 86 
73 -8 368 249 -283 86 
60 -15 429 235 -268 70 
45 -14 406 235 -290 79 
71 6 362 239 -277 150 
57 10 366 220 -288 196 
48 9 372 233 -270 158 
59 5 351 214 -292 182 
64 -15 375 228 -258 173 
56 -12 378 205 -265 184 
89 -13 420 239 -264 148 
174 4 353 229 -283 -51 
71 7 362 239 -277 150 
39 1 372 236 -270 172 
49 5 368 195 -285 165 
73 -7 368 249 -283 86 
52 -15 439 230 -298 130 
49 -11 383 242 -275 52 
272 -9 445 248 -297 -35 
39 0 371 236 -270 171 
73 -7 368 249 -284 86 
80 -13 386 246 -260 192 
32 4 409 194 -265 185 
57 11 366 220 -288 196 
45 -7 365 233 -272 13 
39 -9 425 188 -274 131 
74 -7 368 248 -284 86 
37 -8 374 238 -299 181 
34 -8 413 238 -262 88 
72 7 362 239 -277 150 
62 -8 391 223 -290 102 
48 4 362 206 -256 132 
44 4 421 183 -273 163 
50 5 368 195 -285 165 
74 -6 368 248 -284 86 
94 -11 391 249 -262 195 
65 -15 373 201 -267 97 
41 -3 360 221 -280 115 
101 -15 413 248 -268 152 
58 0 431 189 -269 163 
72 8 362 239 -277 150 
58 0 430 188 -269 162 
74 -5 368 248 -284 86 
48 -4 442 246 -299 172 
267 10 408 218 -252 -86 
127 5 391 214 -271 -27 
118 -13 399 246 -266 196 
75 -5 368 248 -285 86 
87 -15 382 183 -252 147 
48 -4 441 246 -299 171 
35 -1 411 190 -266 109 
65 -15 375 228 -258 173 
87 -14 381 182 -252 146 
30 6 358 171 -266 161 
62 -15 416 238 -294 82 
58 11 366 220 -288 196 
72 8 362 239 -278 150 
44 -12 366 213 -252 117 
45 12 393 193 -257 185 
75 -4 368 248 -285 86 
282 12 421 223 -250 -6 
76 -4 374 246 -273 143 
73 8 362 239 -278 150 
54 -14 390 247 -271 183 
54 -12 376 181 -258 136 
45 -10 363 224 -275 167 
73 9 362 239 -278 150 
58 12 366 220 -288 196 
76 -4 368 248 -285 86 
44 11 401 201 -276 178 
89 -13 357 182 -259 184 
44 11 400 200 -276 177 
48 -13 434 163 -262 153 
39 6 355 236 -295 -50 
57 -4 437 234 -278 190 
103 -12 450 223 -265 200 
73 9 361 239 -278 149 
58 12 366 220 -288 195 
103 -11 449 222 -265 199 
30 -8 443 237 -269 132 
56 -12 378 205 -265 183 
58 12 366 220 -289 195 
37 2 435 228 -281 181 
30 -8 395 247 -268 39 
67 -7 376 240 -274 134 
56 -12 378 205 -266 183 
51 -11 450 215 -262 128 
48 2 437 236 -268 165 
52 13 373 230 -272 158 
286 7 421 215 -281 -35 
65 -12 441 212 -263 126 
60 -7 409 195 -266 142 
74 -13 400 203 -272 117 
65 -15 375 228 -259 173 
52 13 372 229 -272 157 
54 -1 413 177 -254 198 
108 -15 449 239 -268 171 
141 7 387 239 -257 -54 
39 -1 412 241 -300 68 
65 -15 374 228 -259 173 
73 10 361 239 -278 149 
54 0 412 176 -254 197 
103 -10 449 222 -265 199 
70 -14 450 218 -267 187 
48 5 373 229 -252 190 
83 3 439 247 -268 178 
38 2 352 245 -291 110 
73 10 361 239 -279 149 
34 3 400 208 -253 99 
33 12 412 244 -267 144 
74 10 361 239 -279 149 
104 -10 449 222 -265 199 
59 3 382 221 -278 160 
31 -9 380 191 -291 109 
72 -3 441 204 -269 185 
35 -13 372 228 -295 188 
104 -10 410 243 -252 164 
31 -14 440 236 -254 124 
56 -11 378 205 -266 183 
52 -6 433 190 -271 125 
32 -10 422 195 -261 120 
48 9 366 241 -281 169 
42 -8 433 177 -257 186 
39 0 371 236 -271 171 
58 13 366 220 -289 195 
104 -10 449 222 -266 199 
54 -1 375 227 -289 100 
75 0 393 219 -278 199 
104 -9 449 222 -266 199 
59 13 366 220 -289 195 
75 0 392 218 -278 198 
75 -4 440 241 -267 167 
39 -4 352 160 -257 125 
80 -11 430 242 -252 177 
33 3 350 229 -273 92 
42 -8 368 172 -269 148 
37 2 395 204 -273 160 
100 11 365 244 -280 -68 
282 10 433 200 -258 -37 
41 7 413 248 -295 173 
84 -10 371 205 -255 187 
39 -4 405 165 -254 129 
41 1 425 218 -263 197 
52 14 372 229 -272 157 
45 -8 388 220 -273 80 
58 -15 439 223 -283 187 
45 -7 387 219 -273 79 
34 0 423 166 -285 173 
48 -15 441 168 -290 174 
87 -10 353 236 -299 200 
34 0 378 195 -255 162 
34 0 422 165 -285 172 
30 2 428 201 -291 121 
75 1 392 218 -278 198 
48 -14 441 167 -290 173 
46 -15 388 212 -257 162 
54 12 368 195 -250 187 
36 -14 359 249 -257 31 
53 14 372 229 -272 157 
54 12 367 194 -250 186 
45 14 359 208 -279 177 
57 -11 378 205 -266 183 
76 1 392 218 -278 198 
58 -1 372 229 -280 84 
40 15 366 206 -266 141 
30 12 383 222 -258 180 
59 13 366 220 -290 195 
30 12 382 221 -258 179 
55 0 412 176 -255 197 
297 13 384 221 -264 -85 
59 14 366 220 -290 195 
31 -9 407 249 -265 80 
88 0 404 235 -260 174 
60 -7 360 213 -283 188 
38 -4 420 213 -279 195 
49 10 377 248 -298 -59 
76 1 392 218 -279 198 
45 6 373 231 -295 186 
103 -8 350 250 -259 154 
53 14 372 229 -273 157 
76 2 392 218 -279 198 
55 1 412 176 -255 197 
46 -7 355 231 -267 138 
65 -15 374 228 -260 173 
53 15 372 229 -273 157 
80 -15 445 247 -289 186 
57 -7 362 220 -257 100 
55 0 367 192 -260 181 
65 -15 374 229 -260 173 
71 -13 431 218 -254 143 
50 -7 377 176 -254 148 
30 -13 401 198 -256 90 
32 0 434 221 -294 177 
279 14 417 191 -250 -69 
60 14 366 220 -290 195 
30 -8 395 247 -269 39 
45 15 450 232 -298 178 
47 -2 370 226 -256 149 
56 -12 439 182 -270 181 
39 -9 425 188 -274 130 
77 2 392 218 -279 198 
101 -10 368 233 -259 164 
75 -4 363 192 -268 148 
61 7 427 246 -276 141 
39 0 371 236 -272 171 
57 5 404 213 -293 193 
66 13 364 237 -250 161 
70 -9 376 240 -287 123 
79 -15 394 219 -271 141 
77 3 392 218 -279 198 
224 7 410 195 -286 -32 
68 -14 386 161 -254 186 
248 9 421 248 -252 -65 
53 0 376 239 -266 140 
90 5 380 231 -251 180 
289 5 373 245 -283 -47 
55 2 412 176 -255 197 
35 -7 368 219 -277 107 
47 -1 396 171 -265 139 
52 -5 380 200 -255 157 
47 9 383 197 -274 156 
54 15 372 229 -273 157 
56 2 412 176 -255 197 
47 9 382 196 -274 155 
56 2 412 176 -256 197 
57 -11 404 233 -281 130 
32 -5 362 179 -283 156 
57 -11 403 233 -281 129 
77 3 392 218 -280 198 
32 -4 361 179 -283 155 
33 4 412 241 -264 179 
58 -9 429 201 -257 173 
270 -9 352 236 -270 -35 
49 -6 373 192 -283 114 
36 -6 412 208 -298 173 
30 -9 395 247 -269 39 
77 4 392 218 -280 198 
52 11 359 226 -276 123 
94 -5 400 202 -270 200 
36 -5 411 208 -298 172 
78 4 392 218 -280 198 
61 -12 436 233 -284 91 
40 -4 407 214 -273 114 
54 14 379 211 -250 172 
87 3 392 229 -255 173 
35 9 423 209 -294 153 
59 -15 397 249 -263 122 
78 -8 409 242 -269 192 
53 2 431 219 -260 155 
39 -9 425 188 -275 130 
39 0 370 236 -272 171 
56 3 412 176 -256 197 
66 -13 449 247 -271 104 
43 7 360 237 -263 175 
45 -15 398 169 -255 116 
149 1 352 199 -281 -32 
78 4 392 218 -280 197 
69 -6 354 245 -259 168 
44 9 383 209 -282 -27 
48 -7 392 247 -253 30 
30 13 382 221 -258 179 
32 -5 384 208 -266 127 
69 -6 402 192 -288 180 
65 -15 374 229 -261 173 
56 3 412 176 -256 196 
43 -15 396 212 -252 77 
57 -10 378 205 -266 183 
78 5 391 218 -280 197 
57 4 412 176 -256 196 
56 -2 437 207 -294 140 
79 -10 364 249 -283 67 
54 15 372 229 -274 157 
57 4 412 175 -256 196 
110 -7 357 240 -251 171 
43 -10 418 203 -252 166 
63 -4 389 244 -259 133 
46 -2 409 246 -271 115 
57 4 412 175 -257 196 
41 -10 426 215 -286 167 
85 4 395 239 -292 192 
41 2 367 220 -262 150 
39 1 370 236 -272 171 
38 9 383 225 -261 113 
79 5 391 218 -280 197 
57 5 412 175 -257 196 
38 9 382 224 -261 112 
55 15 372 229 -274 157 
79 5 391 218 -281 197 
54 4 363 215 -291 169 
40 -3 390 194 -296 115 
57 -4 375 241 -295 162 
57 -10 378 205 -267 183 
31 13 382 221 -258 179 
56 6 430 234 -262 135 
78 5 364 245 -270 183 
39 -8 425 188 -275 130 
34 -5 384 248 -278 182 
220 5 428 216 -269 -28 
57 -11 378 205 -267 183 
79 6 391 218 -281 197 
60 -11 353 243 -256 71 
44 -14 412 231 -288 138 
65 -15 374 229 -261 172 
39 1 370 236 -273 171 
162 -7 436 107 -271 -4 
33 0 381 184 -258 152 
85 1 359 222 -263 -25 
36 -14 443 244 -269 48 
73 -12 366 249 -289 60 
65 -2 409 246 -263 166 
39 0 370 236 -273 171 
289 15 423 196 -251 -43 
50 -6 365 210 -287 84 
61 -14 376 197 -256 135 
39 -14 391 193 -252 73 
60 -1 351 239 -262 76 
60 -3 376 211 -276 143 
34 -7 393 221 -288 100 
33 -7 416 193 -276 123 
44 -11 414 230 -278 35 
53 -9 427 186 -295 131 
81 -13 353 190 -282 183 
41 11 371 204 -288 191 
31 13 382 221 -259 179 
82 -14 412 242 -294 185 
51 -4 436 180 -266 181 
53 -4 384 173 -265 176 
38 10 382 224 -261 112 
80 6 391 218 -281 197 
65 -15 373 229 -261 172 
55 15 372 229 -274 156 
256 11 395 248 -294 -29 
57 -9 360 227 -282 121 
57 -9 388 182 -272 192 
56 -6 353 194 -273 98 
55 15 371 229 -274 156 
80 7 391 218 -281 197 
50 -4 358 220 -295 182 
40 -5 441 173 -259 165 
31 14 382 221 -259 179 
71 -4 354 204 -260 155 
53 -15 390 163 -277 160 
35 -5 362 201 -284 196 
46 -6 383 231 -286 51 
57 -13 397 231 -261 180 
87 -10 372 239 -281 139 
41 -5 366 171 -287 198 
65 -15 373 229 -262 172 
39 10 382 224 -261 112 
45 -6 353 240 -265 45 
84 -10 447 202 -260 194 
33 13 369 249 -280 119 
41 4 361 229 -289 199 
37 11 423 239 -298 188 
30 -8 395 229 -296 101 
63 -13 353 231 -269 42 
56 15 371 229 -274 156 
31 7 395 214 -289 165 
37 -15 361 237 -290 196 
33 -8 407 193 -288 171 
40 -15 377 208 -289 87 
38 -4 415 227 -274 126 
56 15 371 229 -275 156 
47 -3 412 194 -286 119 
81 -13 390 178 -283 182 
60 -14 377 212 -289 88 
62 -14 376 188 -285 125 
30 1 375 192 -273 125 
57 -10 378 206 -267 183 
47 -2 411 193 -286 118 
193 -13 359 236 -261 -86 
42 12 423 220 -255 147 
49 -10 357 247 -277 159 
40 1 370 236 -273 171 
40 -10 395 116 -268 -21 
39 11 382 224 -262 112 
34 2 397 205 -276 144 
171 0 356 192 -270 -21 
58 -4 428 245 -288 165 
49 0 369 194 -272 139 
57 -11 378 206 -267 183 
136 6 392 226 -261 -25 
57 -6 363 212 -258 180 
76 -4 378 225 -270 175 
67 -12 351 250 -286 124 
69 -4 389 248 -257 177 
41 8 366 217 -268 149 
47 -1 411 193 -286 118 
50 -13 353 154 -270 181 
46 -1 406 203 -256 115 
47 -11 426 228 -273 180 
44 -2 438 173 -285 189 
44 9 406 192 -274 156 
57 -10 377 206 -267 183 
55 12 423 60 -296 11 
79 -7 356 246 -277 159 
40 1 370 236 -274 171 
32 14 382 221 -259 179 
30 -9 395 247 -270 39 
100 -14 356 201 -255 184 
219 1 400 239 -290 -76 
41 -1 357 234 -296 55 
55 -14 351 218 -284 124 
82 -7 392 234 -260 133 
30 -9 394 247 -270 39 
41 0 356 233 -296 54 
46 7 436 229 -297 169 
67 -1 427 186 -250 197 
47 -11 395 227 -288 143 
58 -10 377 206 -267 183 
40 11 382 224 -262 112 
41 -9 404 221 -252 106 
40 0 370 236 -274 171 
30 -9 394 248 -270 39 
97 7 373 230 -261 200 
32 15 382 221 -259 179 
40 12 382 224 -262 112 
299 -11 366 228 -277 -57 
283 11 448 213 -251 -55 
43 -14 396 234 -261 30 
57 15 371 229 -275 156 
35 -11 397 213 -276 115 
51 -13 415 201 -266 87 
35 -10 396 213 -276 114 
65 -15 373 229 -263 172 
58 -10 377 206 -268 183 
51 -12 414 200 -266 86 
51 -5 432 181 -257 141 
76 -8 421 207 -254 172 
71 -14 356 200 -276 101 
38 -14 378 246 -259 92 
49 -12 395 217 -294 80 
39 -8 425 188 -276 130 
89 3 398 228 -259 184 
44 -3 415 233 -284 170 
48 -9 372 187 -267 89 
59 -4 351 218 -296 200 
39 -9 425 188 -276 130 
40 1 370 236 -274 170 
38 -9 379 173 -259 103 
45 6 443 235 -257 179 
35 -11 439 245 -262 179 
45 5 442 235 -257 178 
42 6 376 248 -294 162 
50 0 414 243 -296 129 
64 5 366 230 -300 134 
57 15 371 229 -276 156 
74 -8 402 236 -265 102 
250 -2 429 217 -290 -28 
54 -13 394 176 -287 150 
31 -2 375 226 -277 161 
40 0 370 236 -274 170 
40 12 382 224 -263 112 
79 1 353 235 -289 -80 
40 0 403 244 -262 175 
70 2 444 237 -254 151 
39 -7 405 229 -281 76 
40 2 426 250 -278 194 
39 -12 361 248 -295 93 
48 -11 409 187 -281 95 
40 13 382 224 -263 112 
80 -2 398 81 -300 -14 
66 -8 367 179 -255 141 
46 -11 370 244 -285 15 
60 -6 393 199 -295 184 
32 15 382 221 -260 179 
46 -14 409 187 -276 130 
297 5 422 244 -250 -101 
44 8 415 214 -270 198 
41 3 362 233 -296 123 
36 -4 411 208 -298 172 
41 13 382 224 -263 112 
67 -12 424 184 -261 167 
59 -3 385 223 -256 159 
58 15 371 229 -276 156 
52 -10 392 249 -266 18 
47 -14 428 165 -251 144 
67 -9 410 239 -280 81 
86 3 356 244 -275 156 
40 1 370 236 -275 170 
44 -11 364 250 -257 142 
70 -10 364 230 -254 159 
60 -2 418 226 -265 159 
55 9 418 224 -271 158 
147 5 370 191 -255 -33 
40 1 369 236 -275 170 
49 -4 382 248 -286 200 
75 -7 360 243 -287 196 
33 2 382 233 -281 82 
65 -15 373 229 -264 172 
36 -12 416 216 -273 103 
132 -11 355 221 -268 199 
58 -10 377 206 -268 182 
212 7 383 232 -297 -39 
64 -9 387 188 -289 193 
44 -7 393 248 -284 136 
40 2 379 205 -286 157 
49 5 411 241 -269 194 
36 -4 411 208 -299 172 
40 1 369 237 -275 170 
33 15 382 221 -260 179 
41 13 382 224 -263 111 
38 -9 357 235 -272 56 
111 -13 414 210 -253 -20 
116 -12 400 238 -287 195 
289 9 385 248 -250 -37 
56 -11 367 200 -274 172 
52 -2 447 177 -276 177 
56 -10 366 200 -274 171 
60 -10 363 222 -259 158 
68 -11 355 197 -268 107 
33 -12 418 229 -253 178 
65 -1 353 241 -250 193 
56 -10 366 199 -274 171 
60 -10 362 222 -259 157 
78 -9 358 220 -263 184 
65 0 352 240 -250 192 
45 -2 353 237 -254 77 
71 -6 443 249 -279 186 
56 -7 380 243 -275 135 
44 4 428 235 -265 190 
65 -15 372 229 -264 172 
43 0 355 244 -263 53 
37 12 393 236 -293 182 
67 -10 379 247 -251 153 
58 15 371 229 -276 155 
54 -13 414 209 -261 166 
44 -5 401 208 -299 199 
104 -2 390 237 -282 198 
58 15 371 229 -277 155 
56 -9 366 199 -274 171 
93 -4 422 215 -286 -49 
45 -7 358 240 -277 32 
59 15 371 229 -277 155 
47 8 371 246 -280 184 
50 -11 406 205 -258 115 
90 -4 434 223 -279 189 
58 -9 377 206 -268 182 
48 -11 358 236 -266 147 
63 1 372 241 -268 104 
47 -15 363 239 -251 99 
97 -15 450 185 -264 200 
73 12 375 246 -291 199 
41 -11 396 196 -252 109 
66 0 352 240 -250 192 
41 0 395 178 -268 126 
59 -9 377 206 -268 182 
57 -9 366 199 -274 171 
83 -6 351 194 -266 171 
36 -6 433 182 -258 134 
70 -13 360 227 -263 64 
66 -15 372 229 -265 172 
57 -8 366 199 -274 171 
43 -12 450 248 -289 199 
35 -8 447 199 -294 160 
41 1 369 237 -275 170 
33 15 382 221 -260 178 
66 1 352 240 -251 192 
33 -5 393 247 -261 128 
78 -4 433 242 -273 154 
54 -13 413 249 -295 151 
261 5 350 219 -263 -38 
64 -11 422 241 -284 88 
32 11 389 230 -265 166 
42 -8 369 221 -282 183 
59 -9 377 206 -269 182 
59 15 370 229 -277 155 
86 -7 356 231 -292 152 
47 -1 448 193 -260 191 
36 13 419 229 -271 161 
47 9 404 240 -269 124 
213 -10 363 236 -285 -54 
39 -9 424 188 -276 130 
30 -9 394 248 -271 39 
39 -8 424 188 -276 130 
43 -9 402 195 -266 171 
56 10 350 221 -284 133 
250 15 385 249 -283 -36 
57 -7 366 199 -274 171 
67 1 352 240 -251 192 
57 -7 366 199 -275 171 
40 -8 424 188 -276 130 
33 15 381 221 -260 178 
67 2 352 240 -251 192 
58 -7 366 199 -275 171 
40 -8 424 188 -277 130 
59 -8 377 206 -269 182 
43 -15 375 185 -270 178 
44 -15 407 231 -258 189 
38 -1 396 159 -253 164 
101 -7 355 247 -282 146 
66 -15 372 230 -265 172 
37 -4 411 208 -299 172 
41 1 369 237 -276 170 
58 -2 437 209 -266 143 
34 -1 418 202 -259 174 
36 -7 425 195 -274 125 
58 -6 366 199 -275 171 
52 -9 378 211 -263 112 
33 15 381 221 -261 178 
32 13 417 237 -281 112 
60 -8 377 206 -269 182 
60 15 370 229 -277 155 
67 3 352 240 -252 192 
64 3 369 218 -269 -24 
53 10 421 227 -251 183 
36 13 388 230 -262 95 
34 15 381 221 -261 178 
69 -13 397 246 -280 186 
55 -13 410 172 -272 179 
50 -12 420 164 -290 159 
117 -12 366 240 -270 198 
68 3 352 240 -252 192 
59 -6 366 199 -275 171 
91 2 395 237 -254 178 
59 -5 366 199 -275 171 
66 -15 372 230 -266 171 
60 15 370 229 -278 155 
68 3 352 240 -252 191 
59 7 368 217 -298 166 
30 -4 445 185 -255 158 
60 -7 377 206 -269 182 
68 4 352 240 -252 191 
59 -5 366 199 -275 170 
30 1 424 190 -277 113 
82 -1 426 235 -293 197 
30 -10 394 248 -271 39 
76 2 355 193 -260 185 
43 -14 423 228 -259 106 
61 -2 402 164 -258 196 
82 0 425 234 -293 196 
101 -8 359 239 -297 176 
159 14 402 249 -258 -64 
60 -7 377 206 -270 182 
68 4 352 239 -252 191 
34 -3 433 160 -286 169 
202 8 370 247 -300 -53 
42 -8 390 219 -300 151 
299 14 353 224 -257 -78 
69 4 352 239 -252 191 
164 6 353 210 -295 -29 
39 -8 354 180 -276 131 
69 4 352 239 -253 191 
69 5 352 239 -253 191 
81 -15 387 187 -254 149 
42 -9 370 250 -269 148 
61 -7 377 206 -270 182 
54 5 410 211 -273 190 
53 -11 417 229 -294 131 
34 1 365 243 -288 67 
39 -4 425 153 -252 195 
102 -11 445 244 -258 190 
58 -6 423 188 -266 141 
61 -6 377 206 -270 182 
53 -2 379 187 -274 189 
98 -6 436 239 -296 177 
47 -4 414 193 -280 145 
75 5 409 239 -288 193 
54 6 418 204 -277 160 
61 -6 376 206 -270 182 
83 0 425 234 -293 196 
61 15 370 229 -278 155 
37 14 420 216 -265 144 
56 2 428 212 -285 200 
34 -10 437 230 -272 100 
62 -1 386 198 -279 177 
45 -12 431 164 -264 170 
251 1 395 220 -262 -43 
41 1 369 237 -277 170 
69 6 352 239 -253 191 
36 -10 437 170 -252 135 
90 -14 389 222 -298 188 
66 -15 371 230 -267 171 
37 -3 411 208 -299 172 
83 0 425 234 -294 196 
31 1 419 183 -257 171 
61 -6 376 206 -270 181 
83 1 425 234 -294 196 
70 6 352 239 -253 191 
92 -15 358 171 -260 177 
66 2 367 224 -268 142 
64 5 421 224 -284 155 
76 2 362 237 -253 184 
195 -6 385 200 -282 -7 
61 -5 376 206 -270 181 
44 -12 382 229 -280 192 
62 -5 376 206 -271 181 
50 4 425 206 -281 155 
38 15 403 213 -265 167 
84 1 425 234 -294 196 
33 -6 434 232 -259 107 
52 -4 371 229 -269 176 
61 15 370 229 -279 155 
94 9 354 109 -282 -22 
84 2 425 234 -294 196 
70 6 352 239 -254 191 
91 -3 414 228 -283 194 
76 -13 362 228 -274 104 
70 7 352 239 -254 191 
99 -15 391 204 -254 158 
33 -9 357 203 -299 101 
117 -14 400 248 -292 199 
41 2 369 237 -277 170 
35 15 381 221 -261 178 
97 -10 388 214 -258 185 
35 -5 357 116 -290 -33 
53 -7 425 220 -293 200 
62 -4 376 206 -271 181 
86 -15 377 183 -269 164 
37 -3 411 208 -300 172 
71 7 352 239 -254 191 
84 3 425 234 -295 196 
71 7 352 239 -254 190 
34 11 390 235 -298 145 
42 7 397 236 -276 122 
63 -4 376 206 -271 181 
54 0 384 218 -254 195 
89 -6 410 209 -256 192 
85 3 425 234 -295 196 
30 -10 394 248 -271 38 
54 0 383 217 -254 194 
36 -9 396 224 -256 95 
53 -11 419 186 -298 180 
66 -15 371 230 -268 171 
71 8 352 239 -254 190 
35 -5 448 246 -252 166 
242 -14 439 232 -269 -14 
35 -12 424 234 -291 172 
248 13 432 207 -250 -23 
35 15 381 221 -262 178 
85 3 425 234 -295 195 
71 8 351 239 -254 190 
35 5 412 201 -299 117 
41 -7 382 180 -261 161 
41 2 368 237 -277 170 
63 -3 376 206 -271 181 
171 -4 368 226 -266 -33 
88 -4 364 250 -298 177 
234 15 351 218 -293 -26 
69 -8 364 234 -292 97 
63 -3 376 206 -272 181 
32 -8 433 160 -263 200 
41 1 368 237 -277 170 
33 3 435 180 -285 170 
65 5 433 236 -287 175 
68 -11 356 222 -289 124 
177 13 416 123 -283 -12 
37 -3 411 208 -300 171 
85 4 425 234 -295 195 
30 -10 394 248 -272 38 
36 4 432 192 -250 118 
75 -3 397 235 -257 156 
61 -8 428 216 -298 146 
71 8 351 239 -255 190 
56 -9 359 210 -258 130 
46 3 381 243 -300 118 
62 -2 363 237 -252 151 
43 -12 397 220 -274 194 
49 -14 368 220 -295 140 
85 4 424 234 -295 195 
90 -14 429 209 -262 169 
299 14 449 237 -268 -51 
48 10 386 214 -282 180 
56 -10 383 226 -275 180 
64 -3 376 206 -272 181 
86 4 424 234 -295 195 
72 8 351 239 -255 190 
99 -9 417 237 -268 156 
31 -3 420 189 -269 149 
60 -9 444 246 -252 85 
41 6 386 228 -279 -36 
73 -4 416 245 -268 188 
31 11 375 167 -255 188 
64 -2 376 206 -272 181 
72 9 351 239 -255 190 
35 0 440 188 -273 188 
34 0 439 188 -273 187 
40 -7 424 188 -277 130 
41 2 368 237 -278 170 
32 3 356 185 -285 200 
86 5 424 234 -296 195 
46 -9 433 247 -269 39 
65 4 421 208 -259 180 
32 3 355 185 -285 199 
38 -13 375 239 -278 133 
31 9 391 245 -270 164 
38 -12 375 238 -278 132 
43 -5 441 250 -256 54 
47 2 438 219 -269 124 
46 -5 398 194 -295 146 
66 -15 371 230 -269 171 
64 -2 376 206 -273 181 
36 -7 379 184 -261 129 
44 -5 368 211 -273 108 
45 1 422 200 -291 120 
42 -1 437 215 -275 98 
64 -1 376 206 -273 181 
295 15 439 242 -258 -72 
47 4 430 209 -259 141 
40 -7 424 188 -278 130 
42 2 368 237 -278 170 
64 -1 375 206 -273 180 
44 -10 376 193 -293 121 
65 -1 375 206 -273 180 
51 9 419 232 -298 148 
38 9 418 234 -269 185 
33 9 419 247 -278 198 
67 -11 426 226 -257 116 
49 -11 429 241 -280 43 
51 9 418 231 -298 147 
44 8 403 241 -283 95 
164 6 360 234 -276 -11 
100 -14 359 250 -292 157 
72 10 351 239 -255 190 
44 8 402 240 -283 94 
111 -9 418 249 -257 -51 
33 -15 376 170 -272 110 
39 -14 438 191 -300 141 
71 -4 396 242 -274 183 
40 -10 368 227 -266 145 
151 -13 367 217 -252 197 
32 -13 401 189 -262 135 
66 -15 370 230 -269 171 
36 15 381 221 -262 178 
73 10 351 239 -256 190 
32 -9 447 241 -264 58 
40 -7 424 188 -278 129 
89 -4 429 237 -277 -60 
75 6 433 244 -291 169 
51 7 365 215 -252 138 
237 5 404 146 -297 -37 
42 2 368 237 -278 169 
65 0 375 206 -273 180 
246 11 379 235 -296 -57 
67 -15 370 230 -269 171 
37 -2 411 208 -300 171 
41 -7 424 188 -278 129 
33 6 364 182 -268 147 
42 12 372 248 -270 174 
59 -9 389 242 -297 73 
111 -9 370 249 -287 149 
42 -15 446 200 -280 174 
81 7 368 239 -274 179 
42 -14 445 200 -280 173 
51 10 418 231 -298 147 
55 7 375 246 -278 141 
41 -6 424 188 -278 129 
66 0 375 206 -273 180 
66 0 375 206 -274 180 
75 -8 368 211 -300 127 
73 11 351 239 -256 190 
90 -14 374 227 -287 171 
43 8 411 209 -282 149 
67 -15 370 230 -270 171 
30 -10 393 248 -272 38 
52 10 418 231 -298 147 
50 1 411 196 -292 142 
44 13 440 247 -287 -57 
75 -12 373 229 -251 77 
73 11 351 239 -256 189 
52 10 418 231 -299 147 
54 -9 420 207 -253 164 
39 -8 443 235 -255 171 
38 -2 411 208 -300 171 
36 9 393 209 -254 101 
41 -6 424 187 -279 129 
30 -10 393 249 -272 38 
49 10 402 248 -276 114 
52 11 418 231 -299 147 
32 9 354 189 -262 159 
88 -6 379 223 -263 194 
60 0 447 249 -282 187 
44 15 390 232 -274 151 
49 10 401 247 -276 113 
42 2 368 237 -279 169 
41 -15 422 241 -287 67 
74 11 351 239 -256 189 
41 -5 424 187 -279 129 
36 15 381 221 -263 178 
41 -15 421 241 -287 66 
39 -5 384 240 -250 138 
36 3 388 186 -298 195 
76 -2 417 233 -281 197 
93 1 381 237 -277 172 
62 -5 423 207 -272 147 
67 1 375 206 -274 180 
42 -5 424 187 -279 129 
74 11 351 239 -257 189 
31 -3 404 221 -281 88 
74 12 351 239 -257 189 
65 4 397 238 -251 176 
31 -2 403 221 -281 87 
56 9 360 234 -298 197 
47 -9 442 154 -278 194 
49 12 426 238 -293 188 
65 4 396 237 -251 175 
65 1 404 212 -277 165 
35 6 362 217 -258 187 
67 1 375 206 -275 180 
49 12 425 237 -293 187 
31 0 422 187 -292 152 
73 -7 410 196 -283 172 
42 2 368 238 -279 169 
300 13 412 227 -260 -101 
52 -4 440 250 -289 168 
67 -15 370 230 -270 170 
299 12 412 227 -259 -100 
36 -11 353 243 -283 95 
36 -11 391 227 -290 164 
61 -13 373 204 -276 104 
69 1 391 222 -262 164 
67 -15 370 230 -271 170 
42 -4 424 187 -279 129 
299 11 412 228 -259 -100 
86 -12 449 231 -279 176 
55 -8 407 222 -287 120 
57 1 355 189 -274 192 
67 2 375 206 -275 180 
299 10 412 229 -259 -100 
146 14 446 240 -280 -36 
277 -13 427 205 -275 -32 
42 -4 424 187 -280 129 
298 8 412 230 -259 -100 
47 4 371 189 -275 163 
37 15 381 221 -263 178 
47 -15 419 227 -275 150 
34 -11 401 242 -285 184 
64 11 357 238 -283 130 
68 2 375 206 -275 180 
47 -14 418 227 -275 149 
45 -7 441 176 -256 128 
44 -1 374 189 -282 146 
37 0 429 183 -276 119 
42 -3 383 250 -263 30 
48 -5 381 215 -273 200 
75 12 351 239 -257 189 
56 -13 448 158 -277 182 
114 -9 387 232 -270 194 
68 2 375 206 -275 179 
75 13 351 239 -257 189 
47 -15 418 227 -275 149 
206 14 393 248 -300 -43 
56 -7 426 197 -293 188 
43 -4 424 187 -280 129 
37 15 381 221 -263 177 
43 -3 424 187 -280 129 
117 13 403 213 -280 -20 
58 -7 387 193 -252 128 
87 6 360 242 -262 197 
68 3 374 206 -275 179 
30 -10 393 249 -273 38 
41 0 447 192 -266 148 
45 -7 384 221 -289 184 
69 5 422 240 -256 188 
42 -7 421 249 -273 123 
71 -1 396 225 -266 143 
67 -10 390 245 -292 173 
67 -15 370 231 -271 170 
68 3 374 206 -276 179 
242 15 362 201 -259 -4 
75 13 351 239 -258 189 
34 4 441 226 -291 91 
41 6 388 249 -272 74 
90 -15 418 224 -281 136 
67 -15 369 231 -271 170 
107 -2 381 214 -269 200 
34 -9 427 213 -273 192 
43 -3 423 187 -280 129 
75 13 350 239 -258 189 
47 -11 387 249 -292 160 
34 -11 376 184 -280 111 
67 -15 369 231 -272 170 
43 -2 423 187 -281 129 
69 3 374 206 -276 179 
141 5 446 110 -269 -13 
53 -5 423 236 -286 167 
42 3 368 238 -279 169 
50 4 392 184 -257 161 
76 -10 397 250 -266 158 
53 -3 373 218 -253 186 
225 -10 429 228 -287 -31 
58 -9 407 220 -288 191 
43 3 368 238 -279 169 
108 -12 359 240 -300 192 
268 15 366 230 -253 -20 
50 4 391 183 -257 160 
62 -13 360 237 -282 112 
59 6 373 208 -264 167 
43 -2 423 187 -281 128 
108 -11 358 239 -300 191 
71 -11 441 241 -262 186 
74 -15 391 218 -282 187 
69 4 374 206 -276 179 
75 14 350 239 -258 189 
43 -11 397 221 -280 183 
30 -1 400 232 -273 71 
44 -2 423 187 -281 128 
37 15 380 221 -263 177 
232 4 400 238 -293 -44 
38 -1 411 208 -300 171 
31 2 368 212 -292 131 
55 3 366 247 -274 174 
35 -4 383 200 -272 64 
31 2 367 211 -292 130 
76 14 350 239 -258 189 
75 -7 420 200 -255 178 
115 -11 351 228 -257 199 
44 -1 423 187 -281 128 
43 3 368 238 -280 169 
63 -10 357 222 -288 113 
49 -4 410 241 -289 105 
62 -7 425 194 -265 197 
76 -12 399 250 -270 132 
58 -13 384 239 -259 55 
39 -5 381 244 -297 167 
52 -12 373 172 -252 96 
43 4 367 238 -280 169 
44 -1 423 187 -282 128 
66 11 391 250 -285 151 
39 -1 411 208 -300 171 
70 5 374 206 -276 179 
37 15 380 221 -264 177 
31 3 367 211 -292 130 
76 14 350 238 -258 188 
118 -5 391 181 -300 -11 
45 10 438 203 -289 179 
63 -1 392 244 -294 125 
36 -5 389 188 -259 90 
52 -4 403 232 -274 103 
39 0 411 208 -300 171 
44 0 423 187 -282 128 
70 5 374 206 -277 179 
92 -15 384 229 -252 134 
225 11 369 217 -287 -31 
54 -11 355 234 -272 128 
239 10 358 87 -298 11 
67 -15 369 231 -273 170 
44 4 367 238 -280 169 
38 15 380 221 -264 177 
60 7 372 218 -281 148 
52 -11 424 249 -294 67 
67 -14 369 231 -273 170 
32 3 367 211 -292 130 
41 -15 421 241 -288 66 
30 -11 393 249 -273 38 
76 15 350 238 -258 188 
157 1 353 207 -269 -31 
87 -7 382 228 -280 135 
62 -5 398 218 -284 136 
61 -8 404 210 -258 164 
112 -3 367 206 -260 -56 
32 4 367 211 -292 130 
76 15 350 238 -259 188 
33 12 352 219 -277 83 
52 -3 435 249 -260 200 
69 15 381 231 -252 186 
81 1 373 249 -268 -57 
33 12 351 218 -277 82 
41 -4 433 210 -253 119 
133 -7 410 179 -251 189 
39 11 354 203 -259 170 
87 -10 422 218 -296 158 
44 5 367 238 -280 169 
41 -4 432 210 -253 118 
246 12 439 212 -257 -30 
50 -10 421 240 -270 155 
70 6 374 206 -277 179 
50 -10 420 240 -270 154 
296 14 350 236 -257 -60 
32 5 367 211 -292 130 
77 11 386 231 -273 196 
57 2 377 240 -292 153 
39 0 411 208 -300 170 
44 5 367 238 -281 169 
32 5 367 211 -293 130 
77 15 350 238 -259 188 
219 -10 350 203 -288 -23 
69 1 385 207 -259 154 
40 0 411 208 -300 170 
33 5 367 211 -293 130 
60 -10 370 249 -273 121 
66 -11 448 226 -277 136 
49 15 357 239 -273 141 
44 5 367 237 -281 169 
60 -9 370 248 -273 120 
60 -9 369 248 -273 120 
36 5 372 197 -279 109 
45 5 367 237 -281 169 
75 -11 371 166 -267 177 
41 3 444 229 -278 125 
40 1 411 208 -300 170 
46 -12 414 235 -270 127 
34 -13 420 200 -262 164 
68 -14 369 231 -273 170 
43 9 391 246 -281 182 
45 6 367 237 -281 169 
33 6 367 211 -293 130 
120 -3 378 224 -271 -65 
36 -7 363 210 -299 148 
46 -12 413 235 -270 126 
79 -10 361 224 -285 107 
43 9 390 245 -281 181 
41 -4 433 197 -265 185 
54 -14 381 216 -294 158 
68 -14 369 231 -274 170 
45 6 367 237 -281 168 
56 2 404 249 -261 148 
65 -15 408 176 -260 190 
41 -4 432 196 -265 184 
156 -15 396 188 -256 -20 
56 2 403 248 -261 147 
32 -6 358 236 -266 56 
38 -7 399 141 -260 196 
51 -13 445 160 -262 172 
60 9 383 208 -259 154 
281 11 437 247 -253 -115 
34 6 367 211 -293 130 
50 -13 444 159 -262 171 
79 2 434 228 -253 181 
40 11 371 242 -283 187 
40 2 411 208 -300 170 
34 7 367 211 -293 130 
65 -2 420 242 -283 111 
124 -15 404 230 -296 191 
68 -14 368 231 -274 170 
41 2 411 208 -300 170 
42 4 429 212 -281 162 
65 -1 419 241 -283 110 
77 -7 394 224 -300 195 
32 9 413 194 -279 146 
57 -9 412 235 -286 111 
266 -7 403 222 -254 -44 
45 7 367 237 -281 168 
42 4 428 211 -281 161 
65 -14 393 233 -299 79 
73 2 384 227 -300 200 
126 -14 441 236 -263 -62 
34 7 367 211 -293 129 
46 7 367 237 -282 168 
38 15 380 220 -264 177 
77 15 350 238 -260 188 
161 -2 405 117 -283 -17 
155 6 441 215 -263 -37 
47 -13 359 246 -269 43 
39 15 380 220 -264 177 
78 15 350 238 -260 188 
59 -15 433 156 -257 182 
50 -11 434 168 -287 151 
68 -15 368 231 -274 170 
41 3 411 208 -300 170 
43 10 390 245 -281 181 
34 8 367 211 -293 129 
125 1 375 226 -277 -34 
69 1 405 229 -260 200 
75 -15 353 238 -250 116 
43 -14 361 250 -260 -16 
35 8 367 211 -293 129 
30 15 351 250 -273 126 
50 -8 374 250 -260 191 
57 1 350 244 -271 170 
33 -14 393 197 -268 129 
33 -6 390 179 -254 104 
42 3 411 208 -300 170 
49 -9 445 250 -254 75 
46 8 367 237 -282 168 
30 -11 393 249 -274 38 
42 5 428 211 -281 161 
30 -6 420 230 -295 198 
53 -5 361 177 -255 117 
68 -14 368 231 -275 170 
44 10 390 245 -281 181 
35 8 367 211 -294 129 
76 -15 449 166 -270 199 
35 -13 430 172 -283 131 
75 11 420 243 -299 183 
42 4 411 208 -300 170 
35 9 367 211 -294 129 
31 3 418 233 -257 181 
79 -14 410 202 -270 172 
39 15 380 220 -265 177 
46 -15 367 186 -252 159 
76 -9 398 247 -257 117 
95 -11 431 235 -290 159 
151 14 423 85 -274 5 
59 -13 360 237 -266 127 
46 -14 359 234 -269 70 
157 1 438 77 -298 -5 
56 -10 439 244 -275 98 
44 10 390 245 -282 181 
43 5 428 211 -282 161 
53 -13 384 171 -270 174 
104 -7 356 220 -265 -65 
47 8 367 237 -282 168 
98 -11 351 201 -251 157 
87 -13 368 227 -284 133 
42 5 411 208 -300 169 
36 9 367 211 -294 129 
36 6 415 236 -271 192 
64 -13 353 244 -258 169 
43 5 411 208 -300 169 
44 11 390 245 -282 181 
36 10 367 211 -294 129 
43 6 428 211 -282 161 
62 8 431 245 -269 156 
65 -13 450 242 -287 153 
33 4 365 231 -264 58 
68 -14 368 231 -275 169 
47 9 366 237 -283 168 
41 -15 421 241 -289 66 
72 -7 352 208 -272 149 
78 15 350 238 -260 187 
73 -3 411 204 -292 189 
213 -5 420 230 -271 -45 
70 5 356 246 -252 195 
69 -14 368 231 -275 169 
79 15 350 238 -260 187 
53 -9 390 192 -292 -28 
69 -13 368 231 -275 169 
79 15 350 238 -261 187 
48 14 406 206 -260 178 
43 6 411 208 -300 169 
36 11 367 211 -294 129 
295 11 406 229 -265 -82 
279 11 382 229 -253 -59 
61 -9 390 238 -293 89 
38 0 351 187 -254 180 
39 1 427 250 -260 104 
69 -13 368 231 -276 169 
45 11 390 245 -282 181 
37 11 367 211 -294 129 
43 7 428 211 -282 161 
69 -12 368 231 -276 169 
44 6 411 208 -300 169 
91 -10 365 220 -286 169 
48 10 366 237 -283 168 
70 -12 368 231 -276 169 
40 15 380 220 -265 177 
44 7 428 211 -282 161 
59 4 409 245 -294 117 
45 12 390 245 -282 181 
44 7 428 211 -283 161 
45 3 422 227 -260 160 
61 -1 406 232 -265 128 
247 15 431 211 -257 -28 
50 -8 368 217 -252 167 
44 7 411 208 -300 169 
53 -3 419 198 -258 171 
66 -13 418 231 -297 -34 
46 1 379 202 -254 125 
43 -3 356 220 -264 75 
105 -4 351 236 -277 -67 
53 -2 418 197 -258 170 
235 -15 356 249 -294 -8 
56 -3 422 205 -254 163 
70 -11 368 231 -276 169 
102 -11 414 239 -288 155 
49 9 384 199 -275 166 
44 7 410 208 -300 169 
267 10 447 230 -262 -44 
83 -12 441 242 -289 133 
70 -11 368 231 -277 169 
48 10 366 237 -284 168 
80 15 350 238 -261 187 
44 8 428 211 -283 161 
35 -2 416 220 -251 -37 
83 -11 440 241 -289 132 
71 -11 367 231 -277 169 
45 12 390 245 -283 181 
48 11 366 237 -284 168 
57 8 396 231 -283 159 
32 -8 373 241 -259 119 
57 8 395 230 -283 158 
71 -10 367 231 -277 169 
44 8 410 208 -300 169 
40 15 380 220 -265 176 
62 3 420 235 -261 196 
44 15 395 229 -279 194 
45 8 410 208 -300 169 
41 -15 420 241 -289 66 
62 3 419 234 -261 195 
46 -12 404 206 -277 178 
49 11 366 237 -284 167 
80 15 350 238 -262 187 
51 -15 414 188 -267 122 
45 13 390 245 -283 181 
60 -4 365 236 -296 132 
32 5 404 223 -280 144 
73 -12 408 222 -281 137 
106 -14 371 225 -279 157 
62 -10 450 228 -254 196 
44 8 428 211 -283 160 
60 -3 364 235 -296 131 
42 5 379 233 -294 89 
35 -9 416 172 -284 127 
43 1 374 250 -295 200 
298 5 428 212 -253 -46 
32 -6 372 159 -270 159 
111 15 361 226 -274 -58 
42 -6 403 156 -268 144 
32 -14 396 243 -297 46 
71 -9 367 231 -277 169 
46 13 390 245 -283 181 
45 8 428 211 -283 160 
32 -5 372 159 -270 158 
293 13 436 217 -252 -60 
33 -14 403 231 -273 38 
72 -9 367 231 -277 169 
32 -10 423 211 -257 174 
45 9 428 211 -284 160 
53 -1 357 241 -267 158 
33 4 398 235 -268 122 
72 -9 367 231 -278 169 
49 12 366 237 -284 167 
40 15 380 220 -266 176 
39 -3 353 189 -251 163 
72 -9 367 231 -278 168 
35 -1 428 233 -264 72 
45 9 410 208 -300 169 
137 -3 410 237 -295 -28 
49 -7 372 180 -292 195 
72 -8 367 231 -278 168 
60 -8 429 249 -289 99 
83 -12 358 228 -254 92 
34 8 353 231 -265 120 
50 -15 385 183 -275 172 
45 9 410 208 -300 168 
54 -12 441 144 -251 186 
95 -15 413 204 -278 172 
49 -15 396 225 -294 133 
35 5 423 216 -251 200 
73 -8 367 231 -278 168 
41 15 380 220 -266 176 
65 -11 433 188 -296 200 
48 -8 429 181 -298 152 
81 15 350 238 -262 187 
51 -15 445 191 -297 175 
37 -10 350 250 -263 192 
73 -7 367 231 -278 168 
46 9 410 208 -300 168 
46 14 390 245 -283 180 
50 12 366 237 -285 167 
159 -10 363 72 -300 1 
78 6 396 248 -263 191 
44 -14 446 207 -282 79 
73 -7 367 231 -279 168 
45 10 428 211 -284 160 
46 -13 412 239 -254 116 
47 -2 409 227 -270 155 
50 13 366 237 -285 167 
41 -15 420 241 -290 66 
46 -13 411 239 -254 115 
45 10 427 211 -284 160 
46 14 389 245 -283 180 
30 -11 393 249 -275 38 
31 0 383 210 -258 72 
74 -7 367 231 -279 168 
46 10 410 208 -300 168 
45 10 427 210 -284 160 
71 2 404 237 -253 144 
262 0 369 127 -280 -2 
74 -6 367 231 -279 168 
30 -11 392 249 -275 38 
46 10 427 210 -284 160 
50 1 366 190 -271 132 
260 3 386 222 -256 -52 
47 14 389 245 -283 180 
107 -2 352 241 -289 188 
81 15 350 238 -263 186 
34 10 439 225 -275 127 
74 -6 366 231 -279 168 
47 14 389 245 -284 180 
107 -1 351 240 -289 187 
41 -15 420 242 -290 66 
30 -11 392 250 -275 38 
46 10 427 210 -285 160 
74 -5 366 231 -280 168 
49 -7 419 247 -251 170 
56 -2 407 238 -263 144 
62 -15 360 217 -253 68 
75 -5 366 231 -280 168 
41 15 379 220 -266 176 
46 11 427 210 -285 160 
49 -7 418 247 -251 169 
47 -15 438 231 -275 184 
66 -15 407 218 -296 189 
60 -13 411 222 -273 109 
50 14 366 237 -285 167 
75 -5 366 230 -280 168 
47 15 389 245 -284 180 
35 -11 362 183 -262 186 
300 13 358 249 -257 -73 
46 0 424 207 -279 183 
140 14 412 112 -299 -23 
35 -10 361 183 -262 185 
40 3 429 197 -254 197 
62 -12 377 188 -281 116 
75 -4 366 230 -280 168 
51 14 366 237 -285 167 
57 -13 439 191 -263 155 
38 11 429 250 -250 194 
51 14 365 237 -285 167 
31 -11 392 249 -275 38 
31 0 438 217 -275 135 
57 -13 438 190 -263 154 
31 -11 392 250 -275 38 
62 -9 382 202 -298 114 
113 -4 383 220 -251 -67 
31 0 437 216 -275 134 
59 -11 444 163 -254 153 
46 -7 362 228 -284 153 
41 9 363 247 -296 67 
43 -3 408 247 -296 79 
46 -6 361 228 -284 152 
67 -8 433 245 -269 140 
76 -4 366 230 -280 168 
31 -11 392 250 -275 37 
65 0 422 240 -295 117 
74 10 362 245 -279 191 
32 -1 426 168 -288 179 
43 -2 407 246 -296 78 
53 -9 370 186 -292 171 
43 -5 357 241 -278 147 
61 -2 364 226 -273 166 
76 -4 366 230 -281 167 
74 10 361 244 -279 190 
76 -3 366 230 -281 167 
51 14 365 237 -286 167 
36 -11 352 224 -290 107 
74 -14 360 227 -286 145 
46 12 427 210 -285 160 
36 -10 352 223 -290 106 
76 -8 423 201 -281 166 
208 4 365 233 -266 -65 
52 -12 442 222 -258 167 
38 -14 361 207 -275 177 
163 -14 415 121 -294 -28 
42 15 379 220 -266 176 
47 12 427 210 -285 160 
36 -10 351 223 -290 106 
60 4 355 241 -256 179 
32 2 402 225 -271 140 
88 -3 363 237 -256 188 
75 -14 362 223 -283 134 
39 -8 408 189 -300 170 
51 15 365 237 -286 167 
93 -10 406 235 -277 165 
75 -11 395 196 -289 165 
77 -2 366 230 -281 167 
93 -9 405 234 -277 164 
75 -10 394 195 -289 164 
41 -12 446 192 -300 132 
52 -2 352 243 -296 96 
89 -10 396 239 -278 -41 
44 -6 446 201 -261 137 
215 7 363 235 -280 -50 
136 -2 390 235 -287 -55 
34 -11 392 228 -298 156 
48 15 389 245 -284 180 
42 15 379 220 -267 176 
47 12 427 210 -286 160 
46 -7 426 202 -267 182 
64 -13 377 165 -257 198 
30 2 401 249 -259 85 
124 -14 371 243 -296 165 
56 12 412 241 -280 189 
53 2 405 221 -274 174 
40 11 364 204 -287 179 
32 -4 433 173 -269 131 
50 -10 447 193 -251 184 
33 -1 377 204 -256 158 
79 3 365 224 -254 173 
77 -2 366 230 -282 167 
93 -8 405 234 -277 164 
75 -9 394 195 -289 164 
70 -15 418 201 -260 190 
37 -6 370 215 -294 134 
200 1 362 234 -264 -62 
77 -1 366 230 -282 167 
52 15 365 237 -286 167 
47 12 427 210 -286 159 
92 -15 352 194 -273 182 
59 -14 405 234 -272 129 
295 15 417 209 -256 -24 
31 10 368 176 -250 166 
125 -5 382 234 -268 -53 
44 -11 420 142 -254 198 
94 -8 405 234 -277 164 
76 -9 394 195 -290 164 
71 -14 396 215 -254 121 
31 10 367 175 -250 165 
52 15 365 237 -286 166 
59 -14 381 218 -291 159 
71 -13 395 214 -254 120 
78 -1 366 230 -282 167 
94 -8 405 234 -278 164 
76 -8 394 195 -290 164 
59 -13 380 218 -291 158 
224 11 391 221 -270 -60 
48 15 389 245 -285 180 
94 -7 405 234 -278 164 
57 -15 352 237 -290 76 
49 4 443 237 -260 174 
37 -8 439 205 -277 195 
57 -14 352 236 -290 75 
78 0 365 230 -282 167 
85 0 378 241 -253 172 
290 9 381 244 -252 -73 
33 0 401 246 -255 -57 
57 -13 352 236 -290 75 
133 -10 367 242 -260 200 
31 -12 392 250 -275 37 
58 -13 352 236 -290 75 
45 -13 376 202 -256 153 
45 -10 443 243 -255 111 
53 -13 378 215 -267 132 
95 -7 405 234 -278 164 
76 -7 394 195 -290 164 
31 -11 392 249 -275 37 
58 -12 352 236 -290 75 
86 -3 360 197 -254 189 
57 -6 433 163 -263 196 
46 -8 397 235 -284 153 
77 -7 394 195 -290 164 
109 -15 405 204 -286 192 
62 2 391 247 -268 137 
30 -4 367 216 -260 48 
58 -5 362 190 -262 154 
64 0 450 244 -259 150 
89 -4 363 221 -277 162 
95 -6 405 234 -278 164 
77 -7 394 195 -291 164 
41 -15 420 242 -291 66 
164 10 377 95 -296 20 
78 0 365 230 -283 167 
59 -11 352 236 -290 75 
31 -5 427 219 -283 140 
30 -15 435 157 -279 166 
86 -15 361 223 -264 160 
42 1 374 226 -260 91 
34 -11 407 250 -297 75 
79 0 365 230 -283 167 
81 -15 401 243 -294 178 
45 -12 420 168 -281 174 
52 15 365 237 -287 166 
95 -6 405 234 -279 164 
81 -14 400 242 -294 177 
89 -7 399 239 -285 195 
59 -10 352 236 -291 75 
32 7 428 204 -256 193 
30 -9 445 209 -259 100 
76 -8 386 182 -265 186 
133 -14 390 130 -271 -26 
54 8 445 247 -297 197 
49 15 389 245 -285 180 
95 -5 405 234 -279 164 
43 15 379 220 -267 176 
60 -10 352 235 -291 75 
122 4 397 115 -274 -5 
79 0 365 230 -283 166 
96 -5 405 234 -279 164 
60 -9 352 235 -291 75 
230 -1 420 237 -277 -44 
72 -8 368 199 -257 196 
53 15 365 237 -287 166 
45 -10 383 179 -276 98 
79 1 365 230 -283 166 
81 -13 400 242 -294 177 
60 -8 352 235 -291 75 
45 -9 382 178 -276 97 
46 6 376 223 -273 168 
61 -8 352 235 -291 75 
55 2 378 234 -256 194 
35 1 370 192 -270 124 
56 -2 359 213 -283 166 
80 1 365 230 -283 166 
283 1 362 200 -263 -39 
34 6 374 227 -296 128 
192 -5 396 85 -287 -20 
31 -12 392 250 -276 37 
82 -13 400 242 -294 177 
61 -7 352 235 -291 75 
45 -13 402 174 -278 114 
31 -11 392 249 -276 37 
33 3 439 221 -269 95 
45 -12 401 173 -278 113 
38 6 386 238 -255 86 
31 -11 392 250 -276 37 
82 -13 400 242 -295 177 
273 5 391 250 -298 -63 
33 3 438 220 -269 94 
82 -8 380 247 -265 94 
80 1 365 230 -284 166 
82 -12 400 242 -295 177 
62 -6 352 235 -291 74 
33 -4 374 179 -269 180 
54 -14 410 249 -257 37 
37 -7 413 171 -268 154 
272 1 442 243 -251 -59 
62 -6 352 235 -292 74 
33 -3 374 179 -269 179 
54 -13 409 249 -257 36 
55 -11 360 211 -266 151 
36 -4 441 175 -264 149 
80 2 365 230 -284 166 
51 -6 372 240 -281 65 
62 -5 352 235 -292 74 
51 -5 371 239 -281 64 
63 -5 352 235 -292 74 
43 10 444 210 -260 188 
67 -5 407 217 -265 -39 
61 -8 419 169 -275 190 
43 15 379 220 -267 175 
83 -12 400 242 -295 177 
43 10 443 209 -260 187 
93 3 367 227 -275 -45 
42 7 372 172 -251 164 
72 -11 439 64 -272 3 
81 2 365 230 -284 166 
83 -11 400 242 -295 177 
63 -4 352 235 -292 74 
75 -3 394 240 -253 189 
78 0 393 244 -258 148 
33 -13 367 207 -266 74 
81 3 365 230 -284 166 
49 15 389 245 -286 180 
43 15 379 220 -268 175 
64 -3 352 235 -292 74 
71 -14 429 233 -257 169 
44 0 427 204 -256 142 
58 -1 389 249 -256 74 
30 7 358 196 -252 86 
83 -11 400 242 -296 177 
64 -3 351 235 -292 74 
43 -9 384 217 -274 83 
30 -7 372 248 -300 22 
64 -3 351 235 -293 74 
34 13 389 224 -263 199 
59 -5 442 246 -291 164 
57 -10 350 201 -266 73 
83 -10 400 242 -296 177 
283 12 369 215 -250 -24 
50 -1 423 197 -277 172 
62 -7 405 188 -270 175 
50 15 389 245 -286 180 
84 -10 400 242 -296 177 
57 -15 441 250 -257 71 
282 10 369 215 -250 -23 
54 15 365 237 -287 166 
41 -15 361 228 -254 23 
34 -1 352 242 -300 26 
57 -15 440 250 -257 70 
294 14 367 247 -252 -86 
65 -5 358 218 -285 147 
81 3 365 230 -285 166 
50 15 389 245 -286 179 
41 -15 360 228 -254 22 
41 -6 373 182 -254 105 
126 15 403 247 -255 -58 
50 -15 414 164 -287 196 
82 4 365 230 -285 166 
170 8 362 220 -253 -50 
63 8 395 223 -297 -39 
82 4 364 230 -285 166 
84 -9 399 242 -296 177 
170 9 361 219 -253 -50 
47 -14 436 237 -289 65 
53 -2 449 247 -261 198 
54 15 365 237 -288 166 
44 15 379 220 -268 175 
84 -9 399 242 -296 176 
84 -9 399 242 -297 176 
43 11 443 209 -260 187 
50 -11 372 239 -280 117 
85 -9 399 242 -297 176 
50 -10 371 239 -280 116 
49 -4 383 238 -283 -36 
37 -10 384 218 -261 142 
82 5 364 230 -285 166 
85 -8 399 242 -297 176 
59 -11 385 182 -270 182 
31 -3 447 203 -257 192 
82 5 364 230 -285 165 
59 -10 384 181 -270 181 
41 -14 446 174 -278 143 
296 8 350 219 -252 -47 
83 5 364 230 -285 165 
50 15 388 245 -286 179 
30 -4 442 199 -251 137 
45 -1 364 238 -264 109 
54 15 365 237 -288 165 
88 -9 432 250 -254 135 
275 15 366 215 -276 -31 
190 11 358 231 -261 -67 
39 -7 432 161 -254 118 
31 -1 406 176 -270 104 
86 -7 399 242 -297 176 
83 5 364 230 -286 165 
41 -15 420 242 -292 66 
44 11 443 209 -260 187 
38 -4 390 199 -279 193 
86 -7 399 242 -298 176 
61 -2 418 206 -252 198 
55 10 447 227 -277 165 
61 -1 390 182 -256 152 
102 -12 354 224 -284 155 
52 -2 446 249 -295 180 
42 6 394 236 -277 96 
44 11 443 209 -261 187 
59 -9 384 181 -270 181 
42 6 393 235 -277 95 
31 -12 390 247 -251 107 
55 15 365 237 -288 165 
37 -2 395 219 -277 91 
100 1 380 235 -290 191 
41 4 403 189 -261 196 
51 15 388 245 -286 179 
86 -6 399 242 -298 176 
240 -5 439 230 -284 -54 
44 12 443 209 -261 187 
54 3 373 191 -259 171 
41 -15 419 242 -292 66 
37 -13 368 246 -296 51 
58 -15 396 223 -259 86 
87 -6 399 242 -298 176 
37 -12 368 245 -296 50 
77 0 355 227 -290 196 
51 15 388 245 -287 179 
84 -13 362 238 -287 142 
39 11 414 233 -292 137 
39 -3 418 193 -283 158 
87 -5 399 242 -298 176 
51 -3 365 232 -269 61 
45 -11 381 174 -255 192 
87 -5 399 242 -299 176 
42 7 393 235 -277 95 
61 -3 356 231 -256 83 
33 -1 363 244 -286 25 
65 -5 361 173 -259 148 
92 13 395 233 -279 -48 
101 -15 367 245 -264 105 
34 7 413 230 -294 132 
80 8 354 238 -251 158 
88 -5 399 242 -299 176 
35 -14 396 201 -290 193 
98 -14 432 226 -257 168 
41 -15 419 242 -292 65 
88 -4 399 242 -299 176 
43 7 393 235 -277 95 
36 -9 440 194 -255 112 
71 -15 409 222 -283 173 
34 -5 415 217 -269 116 
36 -9 439 193 -255 111 
42 1 351 250 -263 104 
45 15 379 220 -268 175 
88 -4 398 242 -299 175 
293 -10 355 198 -258 -33 
46 4 394 201 -263 138 
78 -14 425 237 -271 126 
55 15 365 237 -289 165 
224 6 403 99 -300 -5 
82 -10 399 212 -252 133 
60 15 368 237 -259 186 
45 15 379 220 -269 175 
41 -8 350 235 -272 98 
91 -5 400 236 -279 189 
88 -3 398 242 -299 175 
43 8 393 235 -278 95 
97 -15 366 222 -265 165 
59 0 410 241 -286 112 
97 -8 375 218 -260 173 
52 15 388 245 -287 179 
56 15 365 237 -289 165 
89 -3 398 242 -300 175 
36 -13 357 219 -294 124 
59 -14 362 199 -272 83 
31 -12 392 250 -277 37 
289 13 389 198 -253 -34 
72 -2 415 201 -260 186 
31 -11 392 249 -277 37 
82 -12 436 218 -285 182 
53 9 414 230 -275 191 
39 -3 450 221 -278 129 
31 -11 392 250 -277 37 
56 15 364 237 -289 165 
40 10 362 179 -250 149 
44 -5 356 242 -291 12 
47 5 434 235 -291 169 
37 -5 434 211 -290 86 
89 -2 398 242 -300 175 
38 8 400 212 -269 134 
70 1 383 200 -271 174 
47 -11 391 219 -261 122 
44 8 393 235 -278 95 
102 -14 389 250 -289 192 
90 -2 398 242 -300 175 
44 9 393 235 -278 95 
185 -9 418 215 -288 -15 
69 8 369 199 -250 187 
45 15 378 220 -269 175 
69 8 368 198 -250 186 
90 -1 398 242 -300 175 
31 -13 389 237 -267 191 
51 -6 386 205 -250 128 
52 15 388 244 -288 179 
31 0 367 171 -254 145 
79 -9 352 236 -276 190 
35 4 388 186 -269 150 
98 -13 438 231 -292 183 
53 -14 388 193 -277 135 
49 15 385 209 -276 176 
84 2 354 228 -259 198 
49 12 446 215 -262 161 
72 0 398 218 -284 183 
100 -4 358 240 -256 172 
84 -9 433 249 -254 134 
89 -6 350 220 -265 161 
91 -7 392 244 -269 149 
91 -1 398 242 -300 175 
65 -4 396 230 -266 185 
167 11 365 97 -278 -14 
94 -13 374 230 -282 196 
91 0 398 242 -300 175 
61 -6 398 181 -269 154 
44 9 393 235 -279 95 
300 9 400 148 -250 -89 
63 -8 365 211 -298 131 
53 15 388 244 -288 179 
57 15 364 237 -289 165 
37 -11 368 245 -296 50 
37 1 362 199 -253 142 
59 1 355 232 -284 136 
35 11 440 245 -278 119 
69 9 368 198 -250 186 
37 1 361 198 -253 141 
31 3 414 191 -259 171 
80 -2 397 245 -298 -35 
46 15 378 220 -269 175 
91 0 398 242 -300 174 
65 9 354 205 -278 196 
57 15 364 237 -289 164 
57 -8 421 241 -286 111 
38 -4 363 249 -286 161 
38 15 419 131 -270 -34 
41 -15 419 242 -293 65 
57 -7 420 240 -286 110 
30 7 444 212 -250 110 
77 -15 396 237 -260 150 
57 15 364 237 -290 164 
45 -7 426 211 -287 156 
70 9 368 198 -250 186 
32 -9 373 199 -289 168 
92 0 398 242 -300 174 
46 -4 386 181 -270 178 
57 11 414 201 -263 193 
92 0 397 242 -300 174 
46 -3 385 180 -270 177 
40 -14 424 211 -269 104 
92 -8 435 207 -270 198 
49 -11 432 214 -275 125 
31 -1 410 244 -285 184 
92 -7 434 206 -270 197 
36 -3 404 244 -253 186 
38 -7 402 239 -299 188 
35 -15 436 160 -264 169 
92 1 397 242 -300 174 
34 2 441 242 -283 89 
30 -15 422 214 -264 80 
36 -2 421 218 -293 184 
63 -11 417 192 -270 189 
95 -13 444 226 -295 182 
63 -10 416 191 -270 188 
66 -6 423 245 -279 119 
39 10 390 250 -294 196 
57 -8 355 203 -288 -30 
286 12 448 220 -269 -63 
33 -8 426 230 -266 133 
32 0 430 215 -250 173 
66 -5 422 244 -279 118 
56 -13 386 199 -286 93 
53 15 388 244 -288 178 
32 0 429 215 -250 172 
36 8 394 175 -253 136 
79 13 417 250 -262 195 
93 1 397 242 -300 174 
55 -9 391 224 -265 183 
31 0 405 249 -267 142 
36 -8 443 197 -277 128 
46 15 378 220 -270 174 
93 1 397 241 -300 174 
277 11 371 230 -268 -31 
38 -11 425 186 -271 91 
47 -13 420 199 -282 135 
37 -10 362 218 -257 110 
34 -3 366 177 -278 134 
42 -4 384 242 -257 154 
50 -10 425 205 -293 141 
62 -7 419 244 -261 103 
168 -11 359 204 -270 -33 
53 15 388 244 -289 178 
58 15 364 237 -290 164 
37 -9 361 218 -257 109 
41 -15 419 243 -293 65 
37 -11 350 226 -270 154 
295 11 361 250 -250 -28 
54 15 388 244 -289 178 
33 -7 370 250 -278 53 
39 -3 365 162 -255 114 
38 -11 368 245 -296 50 
103 -12 353 241 -286 177 
53 -8 396 210 -287 189 
39 10 403 208 -258 132 
32 8 368 241 -258 127 
57 -6 442 228 -288 153 
92 -1 388 239 -254 158 
43 -11 364 238 -265 28 
69 2 376 246 -288 123 
83 -10 357 226 -266 126 
39 0 447 190 -288 166 
36 -7 417 204 -257 87 
79 -13 355 216 -270 154 
147 10 363 226 -293 -25 
54 15 387 244 -289 178 
73 0 380 218 -275 153 
56 -14 386 177 -254 115 
58 15 364 236 -290 164 
47 15 378 220 -270 174 
63 -9 416 191 -270 188 
39 -3 444 193 -291 162 
48 12 425 231 -252 153 
214 -3 414 233 -274 -62 
278 15 363 109 -282 -19 
58 -9 379 176 -265 146 
39 0 356 220 -269 90 
38 -10 368 245 -296 50 
41 12 358 194 -267 170 
68 -8 352 244 -297 178 
32 -10 375 229 -250 150 
41 -14 409 245 -254 94 
58 15 364 236 -291 164 
50 14 405 250 -251 118 
47 -8 423 249 -253 194 
116 -7 399 244 -294 197 
35 -3 363 204 -251 70 
285 10 392 244 -259 -90 
60 -12 417 185 -252 110 
124 -11 360 248 -265 169 
35 -7 449 184 -289 104 
65 -13 398 245 -256 173 
64 -9 416 191 -271 188 
55 -11 370 168 -276 167 
59 15 364 236 -291 164 
31 -11 392 250 -278 37 
52 -2 422 193 -280 159 
190 7 431 216 -265 -3 
73 -13 441 198 -281 143 
42 3 355 247 -277 115 
55 15 387 244 -289 178 
31 -12 392 250 -278 37 
131 -6 418 231 -261 -43 
53 11 403 215 -259 200 
31 -11 392 249 -278 37 
31 -11 400 199 -261 89 
71 -15 382 239 -292 117 
39 1 376 181 -272 187 
64 -8 416 191 -271 188 
207 3 404 249 -291 -42 
60 -3 408 219 -250 190 
32 0 351 189 -284 146 
96 -4 365 219 -275 177 
52 9 376 200 -250 170 
96 -4 360 225 -277 193 
55 15 387 244 -290 178 
38 -10 368 245 -297 50 
36 2 367 239 -274 157 
30 5 380 209 -280 144 
91 -10 386 233 -252 125 
49 -8 376 228 -299 176 
33 -2 374 179 -269 179 
45 -7 354 211 -258 142 
32 -8 389 248 -265 98 
41 -15 419 243 -294 65 
65 5 432 242 -260 191 
68 -15 357 188 -262 191 
280 8 416 224 -291 -46 
40 -8 432 247 -270 132 
47 -12 438 242 -255 90 
141 4 389 233 -281 -44 
288 14 374 189 -253 -46 
43 -5 436 209 -269 148 
52 -2 366 175 -261 130 
45 -10 360 201 -280 133 
49 -14 410 179 -272 137 
186 -13 360 215 -261 -43 
52 10 363 238 -275 114 
59 15 364 236 -291 163 
47 15 378 220 -271 174 
37 -1 414 231 -281 120 
51 4 395 231 -253 180 
45 -9 359 201 -280 132 
31 -7 421 205 -250 149 
58 5 390 210 -262 178 
48 15 378 220 -271 174 
37 0 413 231 -281 119 
59 6 380 249 -294 136 
59 6 379 248 -294 135 
56 -10 399 182 -298 200 
64 -7 416 191 -271 188 
46 -11 410 239 -294 153 
69 -14 422 221 -250 143 
37 -11 402 230 -253 185 
36 4 443 182 -250 166 
60 15 364 236 -291 163 
65 -7 416 191 -271 188 
37 -10 401 229 -253 184 
66 8 393 240 -295 152 
32 -11 350 243 -259 37 
65 -7 416 191 -272 188 
38 -9 368 245 -297 50 
37 -10 401 230 -253 184 
111 7 369 224 -275 -72 
32 -10 394 155 -259 157 
294 -11 356 181 -269 -24 
37 -2 427 185 -268 178 
56 15 387 244 -290 178 
38 -9 368 244 -297 50 
36 -2 426 185 -268 177 
62 -8 352 235 -274 200 
119 -15 442 239 -256 197 
56 -13 366 162 -268 178 
52 7 361 247 -259 96 
33 -2 374 179 -270 179 
38 -15 403 234 -274 62 
78 -4 355 237 -263 171 
65 -3 389 225 -294 175 
60 15 364 236 -292 163 
67 -10 431 246 -266 89 
241 11 370 232 -286 -35 
65 -6 416 191 -272 188 
95 -13 397 203 -272 159 
58 -4 361 209 -270 98 
31 -12 391 250 -278 37 
36 -14 414 246 -293 182 
46 -8 434 230 -290 163 
277 -15 379 224 -266 -59 
31 -11 391 249 -278 36 
50 -4 368 208 -254 194 
59 1 362 221 -270 122 
31 -11 391 250 -278 36 
93 -7 422 236 -253 158 
38 11 398 233 -269 95 
33 -13 374 234 -256 64 
31 -12 391 250 -278 36 
65 -6 416 191 -272 187 
34 -2 374 179 -270 179 
39 -9 368 245 -297 50 
168 9 380 223 -294 -13 
39 -9 368 244 -297 50 
32 -4 388 205 -287 88 
112 13 411 204 -285 -11 
70 -13 397 215 -269 104 
74 6 352 223 -255 174 
33 5 409 221 -284 99 
70 11 354 235 -258 170 
32 -9 404 229 -298 191 
55 -5 385 217 -293 102 
66 -6 416 191 -272 187 
47 13 382 215 -279 146 
55 -4 384 216 -293 101 
64 -10 446 245 -264 142 
59 11 379 247 -286 117 
66 -5 416 191 -273 187 
48 11 382 234 -291 132 
58 5 379 215 -297 191 
50 -13 424 207 -293 141 
53 -1 446 229 -252 162 
56 15 387 244 -291 178 
71 -11 365 244 -259 194 
41 4 355 247 -291 181 
55 -3 384 216 -293 101 
61 15 364 236 -292 163 
49 15 378 220 -271 174 
47 -13 385 216 -295 109 
259 3 411 219 -253 -45 
69 -15 405 196 -262 197 
165 -6 422 115 -290 -36 
73 -14 404 234 -274 81 
65 -3 409 227 -253 184 
69 -15 404 196 -262 196 
240 -11 426 238 -264 -61 
60 -6 441 194 -254 176 
56 -3 384 216 -293 101 
57 15 387 244 -291 178 
41 -15 418 243 -294 65 
46 13 374 214 -260 152 
56 -2 384 216 -293 101 
57 15 387 244 -291 177 
79 -13 430 241 -278 158 
64 -8 352 220 -286 200 
48 -15 369 249 -262 28 
66 -4 415 191 -273 187 
150 -12 379 213 -272 200 
61 -5 425 213 -259 163 
115 -15 448 241 -256 179 
98 -14 445 248 -297 140 
56 -2 384 216 -294 101 
46 -6 384 192 -253 88 
78 9 384 228 -269 188 
56 -1 384 216 -294 101 
49 15 377 220 -271 174 
85 -7 378 229 -253 175 
66 -15 424 191 -295 135 
30 4 350 213 -255 182 
49 15 377 220 -272 174 
67 -4 415 191 -273 187 
64 -5 440 237 -269 109 
58 -10 391 202 -288 146 
57 -1 384 216 -294 101 
67 -4 415 191 -274 187 
150 -11 417 230 -269 -56 
187 4 364 242 -256 -50 
172 9 399 207 -276 -30 
67 -4 415 190 -274 187 
57 -12 439 239 -296 196 
32 2 393 208 -275 86 
61 15 363 236 -292 163 
37 -8 361 218 -257 109 
50 3 407 205 -278 127 
170 -5 394 216 -254 -32 
30 -5 405 188 -277 87 
46 2 431 241 -266 192 
61 15 363 236 -293 163 
67 -3 415 190 -274 187 
50 3 406 204 -278 126 
46 -15 426 180 -259 124 
66 -12 403 242 -266 65 
88 3 407 247 -290 196 
33 -10 364 243 -288 6 
43 0 396 241 -268 154 
32 -3 391 241 -250 108 
41 -15 418 243 -295 65 
38 5 387 201 -258 188 
66 -11 402 242 -266 64 
49 15 377 220 -272 173 
38 5 386 200 -258 187 
210 14 449 101 -285 -2 
57 -2 413 241 -286 -47 
62 15 363 236 -293 163 
31 -11 391 249 -279 36 
32 12 438 174 -251 196 
55 -11 388 157 -260 135 
31 -11 391 250 -279 36 
47 -5 392 244 -268 186 
62 15 363 236 -293 162 
31 -12 391 250 -279 36 
55 11 378 243 -286 165 
267 15 360 202 -291 -23 
60 -12 362 165 -253 136 
58 15 387 244 -291 177 
68 -2 415 190 -274 187 
59 -3 444 214 -254 157 
58 -4 439 229 -278 121 
34 -2 374 179 -270 178 
266 14 437 211 -262 -32 
47 6 378 250 -297 120 
50 15 377 220 -272 173 
38 -8 361 218 -257 109 
68 -2 415 190 -275 187 
46 -15 379 224 -297 181 
72 -9 367 211 -286 143 
58 -10 385 228 -253 81 
36 -6 450 193 -267 140 
58 15 386 244 -291 177 
65 -15 439 220 -269 178 
35 15 406 247 -262 154 
78 -11 352 237 -256 84 
58 15 386 244 -292 177 
103 -15 405 236 -299 174 
70 -13 425 213 -297 200 
67 -14 418 230 -269 173 
56 -14 354 201 -265 152 
49 -14 446 227 -261 193 
68 -2 415 190 -275 186 
104 2 398 204 -262 194 
82 -5 375 208 -255 -27 
39 -8 409 219 -290 139 
91 -13 377 243 -291 111 
57 -13 434 165 -279 152 
39 -2 388 224 -279 122 
33 -6 357 178 -295 178 
53 -5 416 198 -291 172 
68 -1 415 190 -275 186 
95 -12 396 208 -253 194 
69 12 361 228 -271 159 
30 -6 366 219 -294 180 
42 0 366 239 -263 123 
31 -15 356 217 -271 190 
98 -14 420 218 -255 168 
34 -5 414 166 -277 176 
55 -7 389 195 -300 188 
38 -8 384 210 -279 57 
76 3 450 235 -263 199 
67 0 433 212 -271 195 
69 -1 415 190 -275 186 
128 3 353 233 -253 -64 
278 14 436 244 -252 -67 
67 -10 407 224 -273 179 
56 -3 402 176 -277 164 
69 -1 415 190 -276 186 
276 11 436 245 -252 -66 
69 0 415 190 -276 186 
275 6 436 248 -252 -66 
70 3 413 240 -276 139 
123 -15 405 242 -255 181 
80 2 390 200 -264 190 
40 -1 372 188 -277 -17 
300 6 429 231 -250 -14 
35 -11 430 199 -250 126 
45 -14 369 239 -294 103 
59 15 386 244 -292 177 
38 6 386 200 -258 187 
43 4 405 209 -270 135 
77 -15 426 186 -289 154 
43 4 404 208 -270 134 
34 -2 374 180 -270 178 
53 6 390 226 -273 121 
46 9 361 213 -268 138 
77 -14 425 185 -289 153 
50 15 377 220 -273 173 
53 6 389 225 -273 120 
162 -2 350 235 -276 -76 
43 -4 413 229 -252 200 
43 -9 360 244 -292 87 
78 -7 393 194 -273 156 
89 -12 433 210 -280 160 
123 11 409 235 -268 -37 
56 -15 410 248 -287 109 
38 -8 361 218 -258 109 
52 -9 442 221 -250 106 
65 -6 360 180 -276 176 
51 15 377 220 -273 173 
38 -8 371 214 -284 197 
86 1 400 234 -297 192 
44 7 357 198 -261 198 
52 -9 441 221 -250 105 
64 -13 439 197 -288 157 
38 -7 370 214 -284 196 
101 -11 362 184 -259 199 
103 -9 360 249 -290 198 
70 0 415 190 -276 186 
64 -12 438 196 -288 156 
77 -3 352 211 -288 180 
55 8 429 199 -257 175 
67 3 386 196 -280 195 
218 8 385 238 -265 -62 
47 -5 392 245 -298 119 
38 7 359 213 -252 150 
73 -13 431 215 -285 136 
90 -11 367 183 -267 175 
59 15 386 244 -293 177 
70 0 415 190 -277 186 
39 6 386 200 -258 187 
68 -2 450 230 -289 151 
69 -15 404 196 -263 196 
96 0 416 227 -269 200 
39 6 386 200 -259 187 
42 0 370 235 -267 102 
54 11 406 239 -280 129 
70 0 414 190 -277 186 
96 0 415 226 -269 199 
34 3 387 215 -289 154 
30 0 378 217 -275 100 
98 -14 371 192 -258 187 
55 -12 441 213 -273 166 
53 -10 353 203 -297 164 
40 -1 397 210 -262 183 
35 -14 371 198 -265 58 
30 0 377 216 -275 99 
44 -6 395 249 -254 96 
34 -14 371 197 -264 58 
46 -15 396 239 -286 178 
54 8 372 249 -250 166 
60 15 386 244 -293 177 
41 -15 418 243 -296 65 
39 7 386 200 -259 187 
60 15 386 244 -293 176 
41 -14 418 243 -296 65 
51 -1 384 226 -287 159 
47 9 394 209 -284 151 
32 -12 391 250 -279 36 
36 7 406 242 -298 191 
31 -4 376 181 -279 127 
32 -11 391 249 -279 36 
36 7 405 241 -298 190 
260 13 406 216 -254 -58 
30 -11 430 246 -276 159 
32 -11 391 250 -279 36 
63 -13 377 211 -268 150 
284 15 401 204 -252 -80 
31 -2 384 189 -254 168 
62 -13 397 197 -293 196 
48 14 411 236 -252 151 
77 -5 388 217 -284 170 
30 -14 376 192 -266 65 
55 -14 370 218 -292 83 
77 -4 387 216 -284 169 
75 -1 409 221 -284 198 
68 5 443 249 -260 188 
60 -7 383 248 -256 147 
73 5 425 231 -293 196 
52 15 377 220 -273 173 
45 0 441 205 -283 195 
51 -6 378 196 -265 142 
42 3 418 211 -277 169 
110 -15 421 212 -281 196 
32 1 356 152 -254 172 
73 -8 400 219 -276 118 
86 -13 403 249 -272 98 
46 -11 380 220 -262 177 
43 -6 407 204 -253 106 
32 -11 391 250 -280 36 
77 -3 387 216 -284 169 
39 8 386 200 -259 187 
74 -14 417 183 -290 179 
32 -12 391 250 -280 36 
52 15 377 220 -274 173 
32 -11 391 249 -280 36 
78 -3 387 216 -284 169 
44 7 396 180 -255 181 
61 15 386 244 -294 176 
40 8 386 200 -259 187 
71 -3 393 238 -265 120 
58 11 355 214 -255 161 
40 8 386 200 -260 187 
54 -13 384 159 -263 138 
95 -10 439 207 -253 197 
38 -7 361 218 -258 109 
65 -10 372 227 -277 -16 
52 2 359 231 -252 105 
41 -14 418 244 -296 65 
78 -2 387 216 -285 169 
30 4 449 212 -276 122 
71 -14 404 245 -282 155 
49 1 361 177 -259 180 
34 -1 374 180 -270 178 
34 13 439 240 -250 149 
40 7 398 185 -274 158 
46 -8 352 164 -253 148 
41 -15 418 244 -296 65 
56 -13 448 241 -285 87 
81 -7 367 228 -280 144 
79 -2 387 216 -285 169 
36 -9 403 244 -298 66 
101 0 367 239 -275 177 
40 9 386 200 -260 187 
47 8 423 242 -291 136 
74 -3 437 236 -252 167 
97 -11 406 242 -284 199 
79 -1 387 216 -285 169 
37 -6 435 234 -292 99 
44 -15 426 159 -253 123 
36 4 354 160 -251 155 
72 -11 428 229 -279 166 
52 15 377 220 -274 172 
53 15 377 220 -274 172 
40 9 386 200 -260 186 
83 -1 422 240 -282 164 
50 -5 367 249 -280 162 
49 15 433 210 -265 193 
43 -5 411 244 -294 111 
61 2 356 242 -274 86 
79 -1 387 216 -286 169 
31 -4 389 218 -279 159 
95 -12 382 198 -271 176 
79 0 387 216 -286 169 
33 -4 394 218 -269 162 
62 15 386 244 -294 176 
80 0 387 216 -286 169 
53 15 376 220 -274 172 
72 -15 437 206 -283 124 
80 0 387 216 -286 168 
66 -3 353 247 -288 77 
39 -7 361 218 -258 109 
41 9 386 200 -260 186 
82 -1 394 216 -251 167 
54 -12 356 236 -283 169 
69 -4 444 205 -261 157 
116 6 409 186 -278 -9 
54 -11 356 235 -283 168 
42 -10 411 230 -273 187 
40 8 396 185 -274 154 
69 -15 404 196 -264 196 
40 -8 427 197 -269 141 
65 -1 350 222 -273 199 
62 15 386 244 -295 176 
80 0 386 216 -286 168 
196 14 364 236 -295 -81 
46 2 376 243 -267 124 
41 4 383 250 -274 188 
55 -15 425 135 -255 188 
62 15 385 244 -295 176 
81 0 386 216 -286 168 
54 -10 356 235 -283 168 
34 -1 374 180 -271 178 
43 -10 447 192 -269 90 
42 -1 375 250 -258 32 
41 -15 418 244 -297 65 
88 -14 413 244 -271 103 
77 -14 383 217 -274 180 
53 15 376 220 -275 172 
41 -14 418 244 -297 65 
81 0 386 216 -287 168 
44 -14 441 184 -279 103 
81 1 386 216 -287 168 
48 -15 413 206 -272 155 
55 -15 423 240 -298 160 
59 3 396 218 -256 198 
64 -11 361 214 -261 -50 
55 -10 356 235 -283 168 
52 1 431 230 -277 159 
62 15 385 244 -295 175 
55 -9 356 235 -283 168 
59 -4 370 217 -281 90 
41 -9 372 191 -279 106 
54 15 376 220 -275 172 
67 -7 388 212 -260 121 
67 -9 438 196 -300 173 
36 -2 443 213 -300 127 
63 15 385 244 -295 175 
47 2 439 198 -299 156 
46 -8 425 247 -293 -61 
31 1 391 218 -276 169 
47 2 438 197 -299 155 
42 -14 418 244 -297 65 
31 1 390 218 -276 168 
37 -12 353 185 -275 179 
36 -11 367 206 -267 120 
55 -9 356 235 -284 168 
42 -15 418 244 -297 64 
115 -11 363 248 -266 162 
106 -11 354 250 -273 145 
69 -8 408 244 -251 164 
40 -15 360 173 -273 106 
35 -1 374 180 -271 178 
55 -8 356 235 -284 168 
74 12 407 186 -253 0 
55 -8 356 234 -284 168 
57 15 422 234 -292 -59 
75 -7 408 244 -253 145 
42 -15 417 244 -297 64 
61 7 394 248 -282 147 
40 -6 388 230 -299 193 
39 -7 361 219 -258 109 
45 15 367 221 -272 194 
56 -8 356 234 -284 168 
47 15 353 139 -276 -41 
56 -1 377 245 -279 111 
63 15 385 244 -296 175 
73 -12 395 164 -255 180 
30 -11 351 213 -259 194 
59 -15 428 247 -291 103 
56 -7 356 234 -284 168 
54 -12 371 218 -277 106 
65 -8 376 203 -275 106 
60 -13 418 175 -254 191 
45 3 378 220 -274 200 
57 -8 353 234 -271 196 
32 -12 391 250 -281 36 
33 -8 395 215 -258 169 
55 -7 375 225 -292 82 
32 -11 391 249 -281 36 
61 4 382 242 -257 170 
87 -13 355 234 -253 112 
64 15 385 244 -296 175 
32 -11 391 250 -281 36 
39 -2 440 193 -296 135 
52 -10 419 229 -293 136 
56 -6 356 234 -284 168 
38 -10 351 239 -255 89 
254 -11 433 93 -282 11 
81 -8 427 239 -284 137 
57 -6 356 234 -284 168 
63 -13 375 238 -284 74 
69 -5 389 209 -250 135 
38 0 417 224 -271 127 
55 15 376 220 -275 172 
82 1 448 250 -250 194 
99 0 354 243 -296 193 
69 -15 403 196 -264 196 
39 -7 361 219 -259 109 
57 -6 356 234 -285 167 
82 1 447 249 -250 193 
46 -13 430 175 -288 171 
84 -13 375 229 -287 96 
57 -5 356 234 -285 167 
65 -3 367 199 -272 190 
66 -12 387 207 -297 123 
39 12 446 242 -299 147 
55 15 376 220 -276 172 
30 -12 420 215 -259 162 
50 9 402 246 -262 159 
63 -12 413 217 -261 125 
39 -6 361 219 -259 109 
85 -4 398 210 -294 188 
85 -3 397 210 -294 187 
58 -5 356 234 -285 167 
31 9 447 191 -264 144 
94 -15 357 242 -250 108 
149 -8 351 221 -256 -42 
55 -10 403 217 -250 156 
58 -4 356 234 -285 167 
101 0 353 213 -250 194 
31 -6 357 213 -275 190 
38 11 353 233 -285 150 
33 -14 373 222 -257 178 
56 5 412 247 -271 130 
41 -4 449 231 -259 102 
100 -14 368 214 -287 193 
262 9 361 127 -295 -15 
45 4 398 194 -257 165 
62 -13 442 206 -281 121 
51 -8 417 181 -300 157 
103 -5 435 240 -276 189 
71 -5 394 250 -299 -41 
58 -3 356 234 -285 167 
82 1 392 228 -278 -31 
37 -9 361 242 -292 196 
39 -6 361 219 -259 108 
59 -3 356 234 -285 167 
82 2 447 249 -250 193 
42 -9 417 175 -262 152 
65 15 385 244 -296 175 
69 -15 403 196 -265 196 
41 5 354 220 -269 134 
45 -15 354 249 -266 76 
56 1 358 208 -286 190 
88 -13 384 233 -270 109 
59 -2 356 234 -285 167 
41 5 353 219 -269 133 
95 -8 356 243 -268 167 
71 8 439 236 -294 200 
83 2 447 249 -250 193 
68 -12 440 225 -279 186 
32 11 417 223 -287 194 
42 -15 417 244 -298 64 
59 -2 356 234 -286 167 
68 -12 439 225 -279 185 
38 13 351 244 -297 198 
63 -10 447 169 -262 160 
70 -2 351 239 -259 183 
50 13 394 238 -298 149 
65 15 385 244 -297 175 
42 -14 417 244 -298 64 
60 -2 356 234 -286 167 
60 -1 356 234 -286 167 
49 -4 368 190 -274 109 
83 2 447 249 -251 193 
45 -12 436 228 -286 196 
47 5 353 234 -285 185 
65 15 385 244 -297 174 
77 -6 382 203 -297 174 
39 -11 389 236 -298 98 
47 -5 431 245 -263 171 
44 2 389 227 -275 200 
40 12 376 220 -282 130 
83 3 447 249 -251 193 
70 -14 381 195 -281 126 
38 7 435 215 -273 179 
93 -14 408 112 -284 -8 
56 15 376 220 -276 172 
60 0 356 234 -286 167 
31 7 413 222 -262 167 
71 -5 427 221 -296 142 
56 15 376 220 -276 171 
61 0 356 234 -286 167 
42 -4 438 223 -272 91 
57 -10 382 224 -290 159 
45 -3 433 220 -260 87 
61 0 355 234 -286 167 
64 -3 433 229 -291 183 
42 -8 442 230 -252 142 
61 0 355 234 -287 167 
76 -2 450 239 -266 174 
68 -12 395 185 -282 165 
32 -12 391 250 -281 35 
61 0 355 234 -287 166 
41 3 442 177 -266 191 
31 9 380 216 -261 128 
69 -8 355 186 -276 135 
53 -14 405 243 -288 19 
66 15 385 244 -297 174 
40 -6 361 219 -259 108 
32 -11 391 249 -281 35 
74 -4 373 198 -287 162 
32 -11 391 250 -281 35 
62 0 355 234 -287 166 
84 3 447 249 -251 193 
74 -10 394 249 -263 140 
56 -9 385 203 -285 158 
84 4 447 249 -251 193 
62 1 355 234 -287 166 
63 1 434 248 -260 196 
50 -13 427 219 -290 142 
35 -11 354 238 -289 107 
45 0 446 198 -287 144 
35 2 376 232 -293 53 
62 1 355 234 -288 166 
52 -14 404 250 -250 196 
83 -11 360 230 -264 133 
48 -10 414 181 -287 182 
46 -8 364 225 -263 87 
56 15 376 220 -277 171 
84 4 447 249 -252 193 
40 -10 449 154 -250 186 
44 -3 367 245 -253 27 
35 5 380 214 -254 153 
63 2 355 234 -288 166 
77 -3 375 232 -282 194 
204 10 376 240 -275 -63 
42 1 442 213 -251 131 
42 -7 447 176 -252 168 
66 -3 391 199 -253 134 
50 -7 386 226 -287 191 
261 -13 450 82 -282 11 
52 4 403 232 -270 -39 
149 9 414 230 -277 -27 
66 15 385 244 -298 174 
55 7 398 233 -265 190 
58 -7 429 181 -295 172 
174 -3 388 231 -285 -26 
33 -5 448 237 -258 150 
84 5 447 249 -252 193 
41 10 442 235 -270 154 
43 6 425 245 -288 182 
33 -5 447 237 -258 149 
57 15 376 220 -277 171 
43 -9 434 246 -271 49 
49 3 420 230 -263 -40 
91 -3 433 231 -263 197 
43 -9 433 246 -271 48 
63 3 355 234 -288 166 
83 -8 363 239 -283 150 
221 -7 401 238 -277 -55 
32 -12 391 250 -282 35 
177 -8 364 211 -287 -13 
79 -6 402 250 -264 192 
67 15 385 244 -298 174 
32 -11 391 249 -282 35 
64 3 355 234 -289 166 
33 3 388 219 -263 89 
38 11 375 243 -250 173 
