30 -7 397 246 -265 41 
30 -7 396 246 -265 40 
45 1 354 231 -258 171 
291 9 399 248 -256 -32 
33 -1 435 200 -295 166 
208 10 386 246 -284 -66 
37 -5 368 225 -264 109 
45 0 353 231 -258 170 
33 0 434 200 -295 165 
31 -12 425 184 -252 192 
37 -4 367 225 -264 108 
67 -15 367 229 -284 123 
76 -6 369 220 -296 134 
30 -12 424 183 -252 191 
67 -14 366 228 -284 122 
76 -5 368 219 -296 133 
57 3 410 244 -269 200 
51 -6 385 221 -288 153 
56 -2 361 209 -293 194 
57 3 409 243 -269 199 
51 -5 384 220 -288 152 
32 -1 368 206 -279 133 
32 1 405 246 -260 85 
56 -1 360 208 -293 193 
48 -1 432 72 -284 8 
32 0 367 205 -279 132 
76 -4 394 221 -255 130 
72 -10 423 169 -271 182 
62 2 374 241 -269 94 
183 -6 423 62 -288 15 
31 -3 403 247 -275 164 
53 -10 391 144 -251 149 
56 -11 444 178 -263 179 
83 -5 388 249 -259 155 
67 -13 366 228 -284 122 
37 -13 384 189 -288 190 
70 4 420 216 -293 177 
277 9 449 201 -257 -19 
83 -4 387 248 -259 154 
76 -4 368 219 -296 133 
65 -4 414 231 -265 103 
57 -1 411 194 -277 157 
35 -7 430 145 -271 192 
70 4 419 215 -293 176 
68 -13 366 228 -284 122 
300 12 399 235 -253 -96 
79 -7 387 214 -252 170 
77 -4 368 219 -296 133 
82 -13 409 229 -264 162 
299 10 399 235 -252 -95 
79 -6 386 213 -252 169 
68 -12 366 228 -284 122 
201 -10 418 240 -273 -51 
82 -12 408 228 -264 161 
44 -13 419 243 -298 109 
72 -8 370 237 -253 79 
63 0 443 236 -293 176 
77 -3 368 219 -297 133 
44 -12 418 243 -298 108 
150 -6 381 115 -275 -17 
66 6 379 215 -262 157 
83 -3 387 248 -259 154 
69 -11 366 228 -284 122 
299 13 432 189 -256 -38 
298 9 376 247 -276 -70 
64 2 350 241 -287 110 
43 7 431 247 -270 152 
141 -11 380 126 -287 -33 
66 6 378 214 -262 156 
298 12 432 189 -255 -37 
70 5 419 215 -293 176 
79 -5 386 213 -252 169 
53 -13 430 234 -262 54 
44 9 437 202 -257 172 
31 -3 368 250 -271 145 
84 -3 387 248 -259 154 
69 -10 366 228 -285 122 
52 1 394 161 -250 197 
44 9 436 201 -257 171 
73 1 427 229 -281 169 
31 -2 368 249 -271 144 
97 -12 353 220 -275 195 
52 1 394 160 -250 196 
38 10 395 245 -288 100 
80 -5 386 213 -252 169 
84 -3 387 248 -260 154 
70 -10 366 228 -285 122 
71 1 374 201 -261 189 
97 -11 352 219 -275 194 
45 -11 363 176 -280 114 
38 -12 426 188 -272 132 
71 1 373 200 -261 188 
46 -9 397 192 -272 100 
68 -11 439 229 -288 122 
38 -11 425 188 -272 131 
63 2 366 221 -269 -37 
82 -3 367 248 -255 136 
84 -2 387 248 -260 154 
70 -9 366 228 -285 122 
90 -15 394 241 -295 182 
35 -2 400 197 -265 81 
82 -2 366 247 -255 135 
35 -1 399 196 -265 80 
80 -4 386 213 -253 169 
78 -8 386 196 -276 164 
275 9 409 202 -252 -24 
42 8 406 233 -254 135 
66 7 378 214 -262 156 
73 -5 398 250 -279 161 
46 5 409 234 -293 196 
30 1 359 234 -255 29 
73 -4 397 249 -279 160 
88 -11 405 222 -290 159 
112 -13 375 241 -251 169 
55 -14 370 159 -259 160 
30 15 439 189 -270 172 
67 7 378 214 -262 156 
82 -1 366 247 -255 135 
85 -2 387 248 -260 154 
60 -11 376 228 -267 180 
42 -6 444 220 -295 181 
81 -4 386 213 -253 169 
85 -1 387 248 -260 154 
57 -14 377 218 -268 91 
108 -6 377 222 -281 192 
69 -14 373 165 -268 174 
60 12 436 244 -252 193 
41 -3 438 233 -292 133 
81 -3 386 213 -253 169 
41 -3 437 232 -292 132 
83 -1 366 247 -255 135 
73 -3 397 249 -279 160 
72 0 383 245 -282 126 
131 -5 370 222 -273 -41 
83 -3 412 225 -298 184 
83 -1 366 247 -256 135 
72 0 382 244 -282 125 
75 -4 388 238 -280 183 
288 9 446 222 -254 -31 
67 7 378 214 -263 156 
74 -3 397 249 -279 160 
120 14 449 241 -271 -29 
83 0 366 247 -256 135 
116 -6 355 243 -272 -69 
50 -10 406 217 -277 156 
81 -3 386 213 -254 169 
263 15 402 219 -255 -109 
116 -5 354 242 -272 -68 
33 15 440 213 -276 179 
31 4 358 215 -295 140 
42 -15 425 170 -277 139 
85 13 448 191 -267 -19 
81 -2 386 213 -254 169 
74 -2 397 249 -280 160 
42 -14 424 170 -277 138 
83 0 368 224 -264 147 
44 2 359 183 -259 113 
33 12 355 238 -277 94 
82 -2 386 213 -254 169 
35 -4 421 245 -261 39 
45 -11 421 243 -299 141 
33 12 354 237 -277 93 
46 -2 443 229 -284 107 
72 1 382 244 -282 125 
49 10 423 226 -257 158 
61 -4 412 186 -257 193 
288 14 381 207 -255 -74 
46 -1 442 228 -284 106 
84 0 366 247 -256 135 
60 4 364 226 -284 139 
37 -8 432 209 -298 -7 
282 6 387 241 -290 -31 
67 9 389 228 -250 167 
31 -1 368 249 -271 144 
174 7 423 204 -261 -36 
51 -9 430 215 -286 135 
75 -5 404 190 -276 182 
105 -9 404 246 -293 159 
60 -9 444 221 -262 191 
45 -15 414 232 -252 52 
43 13 366 202 -270 175 
57 11 372 215 -251 175 
77 -11 428 229 -261 112 
75 -2 397 249 -280 160 
76 -9 367 199 -259 167 
48 13 365 246 -282 165 
31 -5 433 226 -266 131 
82 -2 386 213 -254 168 
75 -1 397 249 -280 160 
69 -4 379 219 -299 198 
47 -6 382 217 -279 125 
67 -9 382 200 -257 128 
51 -2 415 175 -285 174 
70 -13 371 191 -255 99 
82 -1 386 213 -254 168 
84 0 366 247 -257 135 
33 -15 431 204 -277 200 
35 -6 442 194 -259 118 
114 -13 367 242 -299 193 
73 1 401 223 -260 196 
82 -1 385 213 -254 168 
84 1 366 247 -257 135 
44 2 360 192 -268 137 
34 -14 359 188 -266 105 
47 -3 403 208 -297 121 
33 13 354 237 -277 93 
46 0 442 228 -284 106 
82 -1 385 213 -255 168 
55 -8 430 196 -284 194 
46 -5 356 242 -260 63 
44 10 418 240 -273 113 
47 -2 402 207 -297 120 
83 -1 385 213 -255 168 
85 1 366 247 -257 135 
63 -10 381 196 -289 173 
32 -4 409 243 -285 31 
245 15 446 226 -279 -17 
30 13 384 240 -274 150 
254 12 437 216 -258 -22 
56 -14 363 191 -269 140 
35 -8 447 241 -265 126 
48 -4 426 223 -273 90 
55 11 423 238 -281 145 
61 -13 410 231 -287 152 
36 -8 368 180 -266 126 
83 0 385 213 -255 168 
73 13 367 228 -269 199 
46 -6 395 216 -278 194 
47 -1 402 207 -297 120 
36 -7 367 180 -266 125 
34 13 354 237 -277 93 
47 0 442 228 -284 106 
85 2 366 247 -257 135 
159 1 405 110 -283 -27 
76 -6 429 219 -261 146 
43 2 365 225 -293 159 
89 -14 428 250 -289 175 
85 2 366 247 -257 134 
38 14 417 216 -281 158 
77 3 352 250 -263 181 
47 0 442 228 -285 106 
85 -1 356 230 -257 162 
48 -1 402 207 -297 120 
30 -7 396 246 -266 40 
87 -12 412 240 -285 135 
84 -1 363 241 -285 164 
134 13 448 231 -262 -44 
74 -2 417 246 -298 125 
48 0 402 207 -297 120 
94 -15 387 231 -298 154 
85 2 366 247 -258 134 
31 -14 409 150 -256 182 
62 4 380 220 -270 200 
55 -1 389 191 -261 156 
94 -14 386 230 -298 153 
99 -3 370 229 -297 196 
104 -14 371 230 -251 184 
73 -7 401 232 -299 120 
35 14 356 203 -285 171 
34 14 354 237 -278 93 
84 0 385 213 -255 168 
77 -8 439 243 -256 197 
100 -13 416 230 -263 174 
45 9 382 232 -286 129 
103 -15 394 224 -288 169 
117 -12 443 240 -258 199 
48 0 402 207 -298 120 
94 -13 386 230 -298 153 
32 -1 368 249 -271 144 
49 0 402 207 -298 120 
95 -13 386 230 -298 153 
84 0 385 213 -256 168 
298 6 416 219 -255 -72 
66 -15 438 207 -299 200 
68 -15 431 227 -298 145 
37 8 393 243 -253 -58 
32 0 368 249 -271 144 
47 1 442 228 -285 106 
34 -9 380 198 -296 113 
79 -8 403 210 -278 175 
49 1 351 249 -297 92 
41 -3 437 232 -293 132 
211 -15 445 245 -257 -47 
94 -4 382 246 -284 153 
49 1 402 207 -298 120 
95 -12 386 230 -299 153 
61 -3 407 206 -260 186 
48 1 442 228 -285 106 
43 13 450 238 -294 -52 
89 1 387 229 -266 181 
149 -10 391 235 -294 -27 
48 1 442 228 -286 106 
96 -11 386 230 -299 153 
35 14 354 237 -278 93 
50 2 402 207 -298 120 
38 1 446 174 -252 135 
33 -10 420 177 -258 95 
35 15 354 237 -278 93 
48 2 442 228 -286 106 
38 1 445 173 -252 134 
38 -13 350 208 -280 79 
85 -7 424 247 -261 141 
48 -15 405 144 -266 194 
34 -14 435 180 -261 173 
65 -14 418 142 -252 186 
36 -8 369 168 -254 99 
96 -10 386 230 -300 153 
70 -15 406 208 -257 93 
35 14 363 206 -274 144 
62 4 371 239 -273 163 
50 2 402 207 -299 120 
97 -10 386 230 -300 153 
58 2 444 226 -297 195 
38 6 386 245 -297 173 
40 -3 435 212 -281 117 
50 2 402 207 -299 119 
137 -10 366 244 -269 -80 
51 -8 399 206 -264 169 
64 -11 399 220 -251 79 
152 -9 363 207 -258 195 
291 12 361 210 -253 -51 
41 -10 447 152 -255 164 
48 -11 440 241 -254 -38 
45 4 384 220 -285 174 
97 -10 386 230 -300 152 
290 11 360 210 -252 -50 
44 -8 409 173 -268 159 
40 -10 446 151 -255 163 
86 -11 441 244 -300 199 
97 -9 386 230 -300 152 
290 11 361 210 -252 -50 
43 -8 408 173 -268 158 
102 -12 382 223 -250 161 
90 -3 394 246 -274 200 
97 -9 385 230 -300 152 
290 10 361 211 -252 -50 
295 6 370 218 -251 -14 
44 -7 408 173 -268 158 
84 -12 420 220 -274 187 
290 9 361 211 -252 -50 
44 -7 408 172 -268 158 
40 14 390 248 -276 166 
98 -9 385 230 -300 152 
290 9 361 212 -252 -50 
71 -12 369 250 -282 87 
40 14 389 247 -276 165 
35 15 354 237 -279 93 
71 -11 368 249 -282 86 
49 13 362 231 -270 151 
35 13 396 218 -263 189 
68 -4 405 245 -286 103 
49 13 361 230 -270 150 
295 -12 421 232 -292 -28 
35 13 395 217 -263 188 
41 -14 369 234 -277 52 
71 -10 368 249 -282 86 
36 15 354 237 -279 93 
41 -13 368 234 -277 51 
174 4 353 229 -283 -51 
45 -14 406 235 -290 79 
272 -9 445 248 -297 -35 
80 -13 386 246 -260 192 
72 -10 368 249 -282 86 
45 -7 365 233 -272 13 
41 -14 368 234 -277 51 
62 -8 391 223 -290 102 
80 -12 385 245 -260 191 
44 4 421 183 -273 163 
32 0 369 249 -271 144 
101 -15 413 248 -268 152 
62 -7 390 222 -290 101 
267 10 408 218 -252 -86 
87 -15 382 183 -252 147 
101 -14 412 247 -268 151 
35 -1 411 190 -266 109 
118 -13 399 246 -266 196 
30 6 358 171 -266 161 
62 -15 416 238 -294 82 
87 -14 381 182 -252 146 
35 0 410 189 -266 108 
118 -12 398 245 -266 195 
45 12 393 193 -257 185 
282 12 421 223 -250 -6 
54 -14 390 247 -271 183 
44 11 401 201 -276 178 
89 -13 357 182 -259 184 
48 -13 434 163 -262 153 
39 6 355 236 -295 -50 
57 -4 437 234 -278 190 
38 -10 425 188 -272 131 
103 -12 450 223 -265 200 
51 -11 450 215 -262 128 
65 -12 441 212 -263 126 
74 -13 400 203 -272 117 
108 -15 449 239 -268 171 
101 -13 412 247 -268 151 
36 15 354 237 -279 92 
34 3 400 208 -253 99 
33 12 412 244 -267 144 
72 -3 441 204 -269 185 
32 0 369 249 -272 144 
118 -11 398 245 -266 195 
75 0 393 219 -278 199 
72 -2 440 203 -269 184 
102 -13 412 247 -268 151 
75 -4 440 241 -267 167 
39 -4 352 160 -257 125 
80 -11 430 242 -252 177 
42 -8 368 172 -269 148 
282 10 433 200 -258 -37 
41 7 413 248 -295 173 
75 -3 439 240 -267 166 
39 -4 405 165 -254 129 
41 1 425 218 -263 197 
45 -8 388 220 -273 80 
32 0 369 248 -272 144 
102 -13 412 247 -269 151 
48 -15 441 168 -290 174 
30 2 428 201 -291 121 
54 12 368 195 -250 187 
36 -14 359 249 -257 31 
41 -3 437 232 -294 132 
33 0 369 248 -272 144 
48 -14 441 167 -290 173 
102 -12 412 247 -269 151 
297 13 384 221 -264 -85 
88 0 404 235 -260 174 
103 -8 350 250 -259 154 
46 -7 355 231 -267 138 
45 6 373 231 -295 186 
33 0 369 248 -272 143 
36 15 353 237 -279 92 
279 14 417 191 -250 -69 
47 -2 370 226 -256 149 
33 1 369 248 -272 143 
37 15 353 237 -279 92 
75 -4 363 192 -268 148 
57 5 404 213 -293 193 
79 -15 394 219 -271 141 
45 15 450 232 -298 178 
38 -10 425 188 -273 131 
47 -2 369 226 -256 148 
103 -12 412 247 -269 151 
53 0 376 239 -266 140 
68 -14 386 161 -254 186 
72 -1 440 203 -269 184 
57 -11 404 233 -281 130 
32 -5 362 179 -283 156 
58 -9 429 201 -257 173 
103 -11 412 247 -269 151 
37 15 353 237 -280 92 
52 11 359 226 -276 123 
94 -5 400 202 -270 200 
59 -15 397 249 -263 122 
78 -8 409 242 -269 192 
66 -13 449 247 -271 104 
73 -1 440 203 -269 184 
103 -11 412 247 -270 151 
41 -10 426 215 -286 167 
85 4 395 239 -292 192 
38 9 383 225 -261 113 
57 -4 375 241 -295 162 
39 -14 391 193 -252 73 
60 -1 351 239 -262 76 
53 -9 427 186 -295 131 
103 -10 412 247 -270 151 
44 -11 414 230 -278 35 
81 -13 353 190 -282 183 
34 -7 393 221 -288 100 
60 -3 376 211 -276 143 
30 -7 396 246 -267 40 
104 -10 412 247 -270 151 
256 11 395 248 -294 -29 
57 -9 388 182 -272 192 
53 -15 390 163 -277 160 
73 0 440 203 -270 184 
41 -5 366 171 -287 198 
33 13 369 249 -280 119 
87 -10 372 239 -281 139 
63 -13 353 231 -269 42 
40 -15 377 208 -289 87 
47 -3 412 194 -286 119 
62 -14 376 188 -285 125 
49 -10 357 247 -277 159 
40 -10 395 116 -268 -21 
33 2 369 248 -272 143 
69 -4 389 248 -257 177 
104 -10 411 247 -270 150 
46 -1 406 203 -256 115 
41 -1 357 234 -296 55 
100 -14 356 201 -255 184 
41 -9 404 221 -252 106 
30 -8 396 246 -267 40 
41 0 356 233 -296 54 
283 11 448 213 -251 -55 
51 -13 415 201 -266 87 
38 15 353 237 -280 92 
51 -5 432 181 -257 141 
76 -8 421 207 -254 172 
71 -14 356 200 -276 101 
74 0 440 203 -270 184 
51 -4 431 180 -257 140 
45 6 443 235 -257 179 
35 -11 439 245 -262 179 
70 2 444 237 -254 151 
44 -11 364 250 -257 142 
36 -12 416 216 -273 103 
111 -13 414 210 -253 -20 
116 -12 400 238 -287 195 
65 -1 353 241 -250 193 
78 -9 358 220 -263 184 
71 -6 443 249 -279 186 
47 8 371 246 -280 184 
47 -15 363 239 -251 99 
97 -15 450 185 -264 200 
33 2 369 248 -273 143 
38 15 353 237 -281 92 
47 -14 362 238 -251 98 
43 -12 450 248 -289 199 
47 -1 448 193 -260 191 
43 -15 375 185 -270 178 
38 -1 396 159 -253 164 
58 -2 437 209 -266 143 
43 -14 374 185 -270 177 
53 10 421 227 -251 183 
50 -12 420 164 -290 159 
117 -12 366 240 -270 198 
53 10 420 226 -251 182 
59 7 368 217 -298 166 
30 -4 445 185 -255 158 
82 -1 426 235 -293 197 
76 2 355 193 -260 185 
43 -14 423 228 -259 106 
101 -8 359 239 -297 176 
39 -10 425 188 -273 131 
41 -3 437 232 -295 132 
299 14 353 224 -257 -78 
101 -7 358 238 -297 175 
39 -4 425 153 -252 195 
39 15 353 237 -281 92 
37 14 420 216 -265 144 
34 -10 437 230 -272 100 
90 -14 389 222 -298 188 
50 4 425 206 -281 155 
38 15 403 213 -265 167 
76 -13 362 228 -274 104 
101 -6 358 238 -297 175 
97 -10 388 214 -258 185 
86 -15 377 183 -269 164 
34 11 390 235 -298 145 
53 -11 419 186 -298 180 
102 -6 358 238 -297 175 
34 2 369 248 -273 143 
41 -7 382 180 -261 161 
234 15 351 218 -293 -26 
69 -8 364 234 -292 97 
56 -9 359 210 -258 130 
49 -14 368 220 -295 140 
299 14 449 237 -268 -51 
30 -8 395 246 -267 40 
35 0 440 188 -273 188 
102 -6 358 238 -298 175 
30 -8 395 247 -267 40 
46 -5 398 194 -295 146 
102 -5 358 238 -298 175 
295 15 439 242 -258 -72 
33 9 419 247 -278 198 
49 -11 429 241 -280 43 
164 6 360 234 -276 -11 
100 -14 359 250 -292 157 
33 -15 376 170 -272 110 
39 -14 438 191 -300 141 
59 -9 389 242 -297 73 
42 -15 446 200 -280 174 
103 -5 358 238 -298 175 
41 -3 436 232 -295 132 
41 -15 422 241 -287 67 
56 9 360 234 -298 197 
47 -9 442 154 -278 194 
49 12 426 238 -293 188 
52 -4 440 250 -289 168 
103 -4 358 238 -298 175 
86 -12 449 231 -279 176 
277 -13 427 205 -275 -32 
39 15 353 237 -282 92 
206 14 393 248 -300 -43 
117 13 403 213 -280 -20 
103 -4 358 238 -298 174 
40 15 353 237 -282 92 
41 0 447 192 -266 148 
242 15 362 201 -259 -4 
41 6 388 249 -272 74 
141 5 446 110 -269 -13 
40 15 353 237 -282 91 
115 -11 351 228 -257 199 
103 -4 358 238 -299 174 
58 -13 384 239 -259 55 
39 -9 425 188 -273 131 
92 -15 384 229 -252 134 
239 10 358 87 -298 11 
52 -3 435 249 -260 200 
69 15 381 231 -252 186 
34 2 369 248 -274 143 
92 -14 383 228 -252 133 
133 -7 410 179 -251 189 
50 -10 421 240 -270 155 
296 14 350 236 -257 -60 
47 -2 369 226 -257 148 
66 -11 448 226 -277 136 
47 -13 359 246 -269 43 
75 -15 353 238 -250 116 
30 15 351 250 -273 126 
92 -13 383 228 -252 133 
76 -15 449 166 -270 199 
75 11 420 243 -299 183 
95 -11 431 235 -290 159 
151 14 423 85 -274 5 
65 -13 450 242 -287 153 
40 15 352 237 -282 91 
93 -13 383 228 -252 133 
72 -7 352 208 -272 149 
53 -9 390 192 -292 -28 
279 11 382 229 -253 -59 
91 -10 365 220 -286 169 
59 4 409 245 -294 117 
41 -3 436 232 -296 132 
93 -13 383 228 -253 133 
66 -13 418 231 -297 -34 
46 1 379 202 -254 125 
267 10 447 230 -262 -44 
59 4 408 244 -294 116 
57 8 396 231 -283 159 
44 15 395 229 -279 194 
51 -15 414 188 -267 122 
106 -14 371 225 -279 157 
42 -6 403 156 -268 144 
32 -14 396 243 -297 46 
41 15 352 237 -282 91 
44 15 394 228 -279 193 
60 -8 429 249 -289 99 
34 3 369 248 -274 143 
95 -15 413 204 -278 172 
48 -8 429 181 -298 152 
51 -15 445 191 -297 175 
78 6 396 248 -263 191 
44 -14 446 207 -282 79 
39 -9 425 188 -274 131 
30 -8 395 247 -268 40 
62 -15 360 217 -253 68 
38 11 429 250 -250 194 
300 13 358 249 -257 -73 
62 -9 382 202 -298 114 
67 -8 433 245 -269 140 
74 10 362 245 -279 191 
41 15 352 237 -283 91 
52 -12 442 222 -258 167 
76 -8 423 201 -281 166 
59 5 408 244 -294 116 
124 -14 371 243 -296 165 
224 11 391 221 -270 -60 
57 -15 352 237 -290 76 
45 -10 443 243 -255 111 
30 -4 367 216 -260 48 
164 10 377 95 -296 20 
31 -5 427 219 -283 140 
30 -15 435 157 -279 166 
60 5 408 244 -294 116 
30 -9 445 209 -259 100 
76 -8 386 182 -265 186 
54 8 445 247 -297 197 
38 6 386 238 -255 86 
30 7 358 196 -252 86 
30 -7 372 248 -300 22 
57 -10 350 201 -266 73 
57 -15 441 250 -257 71 
41 -15 361 228 -254 23 
126 15 403 247 -255 -58 
41 -14 446 174 -278 143 
30 -4 442 199 -251 137 
34 3 369 248 -275 143 
41 -13 445 174 -278 142 
31 -12 390 247 -251 107 
54 3 373 191 -259 171 
37 -13 368 246 -296 51 
77 0 355 227 -290 196 
101 -15 367 245 -264 105 
46 4 394 201 -263 138 
101 -14 366 244 -264 104 
289 13 389 198 -253 -34 
46 4 393 200 -263 137 
39 -3 450 221 -278 129 
37 -5 434 211 -290 86 
47 -11 391 219 -261 122 
288 12 388 198 -252 -33 
31 -13 389 237 -267 191 
35 4 388 186 -269 150 
53 -14 388 193 -277 135 
49 12 446 215 -262 161 
288 12 389 198 -252 -33 
35 11 440 245 -278 119 
36 -6 367 180 -266 125 
30 7 444 212 -250 110 
65 9 354 205 -278 196 
30 7 443 211 -250 109 
30 -15 422 214 -264 80 
66 -6 423 245 -279 119 
57 -8 355 203 -288 -30 
56 -13 386 199 -286 93 
79 13 417 250 -262 195 
41 -3 436 232 -296 131 
277 11 371 230 -268 -31 
295 11 361 250 -250 -28 
36 -8 443 197 -277 128 
50 14 405 250 -251 118 
60 -12 417 185 -252 110 
53 11 403 215 -259 200 
41 -14 409 245 -254 94 
34 3 368 248 -275 143 
71 -15 382 239 -292 117 
280 8 416 224 -291 -46 
141 4 389 233 -281 -44 
288 14 374 189 -253 -46 
59 6 380 249 -294 136 
56 -10 399 182 -298 200 
71 -14 381 238 -292 116 
59 6 379 248 -294 135 
38 -15 403 234 -274 62 
34 3 368 248 -275 142 
30 -8 395 247 -268 39 
45 15 394 228 -279 193 
277 -15 379 224 -266 -59 
168 9 380 223 -294 -13 
70 11 354 235 -258 170 
47 13 382 215 -279 146 
59 11 379 247 -286 117 
47 -13 385 216 -295 109 
46 13 374 214 -260 152 
41 -3 436 232 -297 131 
35 3 369 248 -275 142 
98 -14 445 248 -297 140 
150 -11 417 230 -269 -56 
35 3 368 248 -275 142 
66 -12 403 242 -266 65 
98 -13 444 247 -297 139 
32 12 438 174 -251 196 
55 -11 388 157 -260 135 
36 -6 367 180 -267 125 
60 -12 362 165 -253 136 
66 -11 402 242 -266 64 
39 -8 409 219 -290 139 
60 -11 361 164 -253 135 
34 -5 414 166 -277 176 
55 -7 389 195 -300 188 
43 -4 413 229 -252 200 
38 -8 371 214 -284 197 
44 7 357 198 -261 198 
37 -6 367 180 -267 125 
64 -13 439 197 -288 157 
101 -11 362 184 -259 199 
54 11 406 239 -280 129 
64 -12 438 196 -288 156 
53 -10 353 203 -297 164 
54 8 372 249 -250 166 
60 -10 361 164 -253 135 
284 15 401 204 -252 -80 
30 -14 376 192 -266 65 
283 14 401 204 -251 -79 
86 -13 403 249 -272 98 
110 -15 421 212 -281 196 
35 3 368 248 -276 142 
283 13 401 204 -251 -79 
34 13 439 240 -250 149 
56 -13 448 241 -285 87 
101 0 367 239 -275 177 
44 -15 426 159 -253 123 
283 13 401 205 -251 -79 
44 -15 425 158 -253 122 
61 -10 361 164 -253 135 
69 -4 444 205 -261 157 
37 -5 367 179 -267 125 
77 -14 383 217 -274 180 
44 -14 441 184 -279 103 
55 -15 423 240 -298 160 
64 -11 361 214 -261 -50 
36 -2 443 213 -300 127 
61 -9 361 164 -253 135 
69 -8 408 244 -251 164 
75 -7 408 244 -253 145 
45 15 367 221 -272 194 
47 -2 369 226 -258 148 
64 -11 438 196 -288 156 
61 -9 361 164 -254 135 
55 -7 375 225 -292 82 
84 -13 375 229 -287 96 
39 12 446 242 -299 147 
30 -12 420 215 -259 162 
63 -12 413 217 -261 125 
149 -8 351 221 -256 -42 
55 -10 403 217 -250 156 
38 11 353 233 -285 150 
88 -13 384 233 -270 109 
42 -8 442 230 -252 142 
61 -8 361 164 -254 135 
83 -11 360 230 -264 133 
40 -10 449 154 -250 186 
42 1 442 213 -251 131 
65 -11 438 196 -289 156 
35 -9 375 163 -252 118 
71 -12 363 175 -270 191 
62 -8 361 164 -254 135 
30 -15 378 245 -263 163 
48 5 401 197 -271 200 
53 1 447 250 -275 186 
62 -5 391 225 -255 145 
36 -5 355 244 -271 1 
65 -4 383 248 -275 146 
49 -11 425 242 -257 82 
292 12 360 203 -252 -99 
47 -1 369 226 -258 148 
65 -10 438 196 -289 156 
63 -11 385 197 -252 178 
108 -15 426 235 -294 200 
39 -9 435 238 -284 173 
62 -8 361 164 -255 135 
55 -12 400 241 -300 98 
86 -15 443 231 -268 142 
98 -14 354 227 -298 154 
43 -9 392 186 -251 99 
86 -7 407 247 -294 -63 
76 -13 388 193 -274 200 
39 -9 425 188 -274 130 
43 -8 391 185 -251 98 
52 -8 432 221 -272 157 
51 -13 392 176 -267 147 
75 -8 388 247 -251 92 
43 -6 412 97 -295 -11 
37 -4 367 179 -267 125 
35 4 368 248 -276 142 
52 1 370 248 -267 117 
32 -13 418 144 -251 151 
65 -9 438 196 -289 156 
45 -2 352 217 -289 100 
69 -7 383 220 -298 149 
30 1 448 243 -299 110 
38 -4 367 179 -267 125 
41 -3 436 232 -298 131 
35 -11 422 192 -283 94 
72 -14 422 250 -283 147 
193 -10 399 243 -263 -65 
57 -12 439 195 -273 129 
30 -8 395 247 -269 39 
66 -9 438 196 -289 156 
53 -10 399 224 -258 63 
39 -15 446 169 -264 115 
66 -9 438 196 -290 156 
70 -10 417 227 -254 200 
30 12 369 221 -264 166 
58 -12 376 250 -252 127 
70 -10 416 227 -254 199 
59 2 449 207 -251 186 
53 -10 381 249 -260 -3 
42 10 439 223 -278 155 
48 -1 369 226 -258 148 
58 -11 376 249 -252 126 
60 -8 358 249 -278 62 
36 3 352 198 -253 180 
51 -14 416 204 -292 83 
194 14 449 197 -277 -10 
61 -13 434 219 -251 148 
70 -15 431 233 -278 159 
38 -3 367 179 -267 125 
34 -5 444 199 -295 101 
68 12 430 238 -269 193 
39 14 352 246 -266 194 
43 -13 374 185 -270 177 
66 -8 438 196 -290 156 
63 -15 428 157 -252 164 
34 -3 354 165 -255 181 
65 -12 362 239 -252 61 
98 -4 350 248 -283 -37 
38 -3 367 179 -267 124 
35 4 368 248 -277 142 
66 -8 438 196 -290 155 
39 -9 425 188 -275 130 
38 -3 367 179 -268 124 
39 -2 367 179 -268 124 
48 0 369 226 -258 148 
38 5 449 238 -277 147 
48 0 368 226 -258 148 
61 11 441 249 -268 156 
30 -9 395 247 -269 39 
67 -8 438 196 -291 155 
67 -7 438 196 -291 155 
76 -3 417 205 -253 199 
35 4 368 247 -277 142 
39 -1 367 179 -268 124 
73 -15 422 249 -281 80 
48 0 368 226 -259 148 
109 -15 425 241 -267 199 
62 -14 408 193 -297 135 
40 -1 367 179 -268 124 
67 -7 437 196 -291 155 
60 3 390 237 -287 196 
67 -6 437 196 -291 155 
44 -11 384 223 -291 57 
40 0 367 179 -268 124 
58 -1 383 198 -293 143 
33 -9 423 187 -290 142 
48 14 404 240 -263 178 
39 -8 425 188 -275 130 
43 -13 374 185 -271 177 
67 -8 444 217 -283 188 
89 -5 443 223 -253 195 
285 15 423 227 -257 -79 
74 -14 399 249 -290 79 
49 0 368 226 -259 148 
67 -7 443 216 -283 187 
142 -4 402 216 -251 -42 
32 1 420 224 -277 67 
40 1 352 211 -254 104 
40 -7 403 210 -250 60 
37 -6 428 215 -300 153 
40 0 367 179 -269 124 
41 -3 435 232 -298 131 
104 -15 400 223 -295 200 
70 -14 412 222 -291 167 
41 0 367 179 -269 124 
49 0 368 226 -259 147 
36 4 368 247 -277 142 
48 0 390 232 -282 99 
52 -14 442 245 -298 134 
56 14 362 240 -251 137 
47 3 367 241 -299 78 
66 -13 381 204 -255 200 
47 3 366 240 -299 77 
41 -3 435 232 -299 131 
58 -10 376 249 -252 126 
53 -4 367 166 -254 189 
279 14 358 246 -250 -77 
39 -7 410 210 -278 179 
38 10 402 219 -283 141 
55 -2 354 243 -260 127 
36 4 368 247 -278 142 
34 -2 386 235 -273 88 
42 -5 426 176 -276 115 
224 15 445 231 -295 -36 
41 1 367 179 -269 124 
47 4 366 240 -299 77 
58 -10 376 249 -253 126 
50 -3 431 207 -297 115 
45 12 358 240 -299 130 
56 -15 406 206 -293 193 
67 -4 375 207 -252 144 
42 -9 400 204 -296 98 
48 4 366 240 -299 77 
84 -3 446 248 -296 179 
59 -5 351 250 -299 166 
42 1 367 179 -269 124 
84 -2 445 247 -296 178 
32 -9 380 250 -274 10 
48 5 366 240 -299 77 
42 1 367 179 -269 123 
49 1 368 226 -259 147 
33 -11 402 170 -282 147 
121 -11 365 202 -257 200 
36 -6 385 162 -271 193 
42 2 367 179 -269 123 
38 -4 352 243 -284 139 
89 -13 439 196 -298 197 
61 -8 427 187 -269 186 
255 -3 448 224 -277 -23 
231 11 353 224 -279 -68 
42 -5 401 235 -292 111 
33 12 436 199 -281 196 
101 -3 353 239 -260 179 
49 1 368 226 -260 147 
77 -8 393 198 -254 148 
54 -15 423 181 -274 166 
100 -14 362 199 -252 -27 
241 15 411 234 -294 -30 
106 -8 386 246 -300 185 
49 6 366 240 -299 77 
50 1 368 226 -260 147 
84 -1 445 247 -296 178 
85 -12 351 197 -251 149 
132 -11 375 240 -250 198 
50 -15 399 215 -281 92 
60 15 378 243 -297 170 
43 -9 414 178 -292 198 
34 -10 449 175 -285 195 
43 13 444 238 -251 199 
85 -1 445 247 -296 178 
31 -10 449 210 -287 164 
43 -8 414 178 -292 197 
294 15 413 229 -250 -120 
31 -9 448 210 -287 163 
99 -12 356 241 -262 128 
293 14 413 229 -250 -119 
52 -15 360 166 -268 -12 
53 -12 356 221 -282 174 
293 13 413 230 -250 -119 
50 2 368 226 -260 147 
48 -11 385 145 -252 178 
32 0 403 223 -289 185 
293 12 413 230 -250 -119 
85 -1 445 247 -297 178 
48 -10 385 144 -252 177 
293 11 413 231 -250 -119 
85 0 445 247 -297 178 
71 8 419 239 -251 183 
292 9 413 232 -250 -119 
60 7 350 218 -285 153 
48 1 412 196 -251 178 
30 3 384 249 -285 56 
59 13 379 234 -275 188 
60 7 350 218 -285 152 
300 -9 428 222 -273 -34 
37 14 357 250 -262 99 
33 -11 359 184 -260 76 
36 4 368 247 -279 142 
59 13 378 233 -275 187 
49 -10 393 166 -285 191 
51 -3 364 214 -284 120 
50 2 368 225 -260 147 
33 6 366 197 -254 164 
101 -13 350 237 -252 -85 
68 15 388 250 -257 170 
51 2 368 225 -260 147 
86 0 445 247 -297 178 
33 6 365 196 -254 163 
41 -3 397 180 -260 191 
55 13 397 241 -251 147 
56 -7 356 208 -297 136 
68 15 387 249 -257 169 
60 -1 354 218 -264 101 
236 8 414 223 -282 -4 
58 -9 405 197 -257 143 
51 3 368 225 -260 147 
47 -10 350 250 -270 -34 
263 13 407 220 -251 -23 
32 -10 367 250 -255 3 
41 -3 435 232 -300 131 
30 -9 395 247 -270 39 
30 9 355 213 -257 194 
99 -15 443 250 -250 132 
35 -10 400 175 -252 114 
43 -15 390 250 -298 24 
72 -13 355 250 -261 85 
41 -13 442 176 -255 200 
51 3 368 225 -261 147 
30 -9 394 247 -270 39 
41 -14 380 191 -285 165 
49 -15 448 239 -282 119 
87 -14 407 243 -282 173 
212 4 401 191 -276 -24 
95 -11 369 216 -257 173 
40 -13 441 175 -255 199 
282 14 393 233 -255 -112 
39 -8 425 188 -276 130 
30 -9 394 248 -270 39 
44 -13 374 185 -271 177 
86 0 445 247 -298 178 
32 -2 440 224 -261 189 
55 -3 387 233 -272 120 
44 -15 425 158 -254 122 
64 -2 392 234 -299 -38 
81 -2 385 234 -267 143 
82 -15 388 193 -271 136 
89 -11 352 195 -277 158 
39 -9 425 188 -276 130 
86 1 445 247 -298 178 
70 -15 396 200 -293 153 
31 7 438 236 -293 169 
231 -11 375 209 -263 -19 
47 -4 352 194 -284 146 
66 -15 379 211 -262 169 
35 -15 377 207 -283 59 
40 -4 427 167 -269 192 
51 4 368 225 -261 147 
87 1 445 247 -298 178 
63 -7 425 242 -257 115 
51 -8 374 149 -256 199 
80 10 357 250 -250 156 
98 3 351 250 -275 190 
33 -5 369 186 -295 140 
176 -7 403 210 -296 -39 
52 4 368 225 -261 147 
71 -8 385 235 -280 -40 
45 -9 448 250 -250 130 
88 -2 351 228 -274 152 
295 14 404 223 -262 -39 
34 14 422 232 -282 130 
33 1 436 187 -298 191 
52 4 367 225 -261 147 
87 1 445 247 -298 177 
68 -13 365 191 -284 155 
36 4 368 247 -279 141 
34 3 444 211 -260 150 
120 -14 383 231 -282 178 
34 3 443 211 -260 149 
70 -7 433 223 -262 175 
45 -14 355 187 -281 162 
288 -13 352 221 -269 -39 
52 6 439 229 -262 140 
52 5 367 225 -261 147 
41 -15 433 234 -251 166 
51 -9 408 211 -274 115 
72 -13 377 240 -269 161 
38 -8 404 238 -300 180 
52 5 367 225 -261 146 
54 10 399 220 -273 182 
46 7 364 238 -286 106 
36 4 368 247 -280 141 
48 -14 375 242 -277 77 
42 -14 442 247 -281 147 
69 15 387 249 -257 169 
52 5 367 225 -262 146 
39 -8 354 190 -284 186 
44 -14 389 165 -263 174 
38 11 438 223 -292 194 
39 -7 353 190 -284 185 
43 -4 376 231 -268 37 
44 -13 432 202 -263 95 
34 -11 395 176 -292 200 
53 5 367 225 -262 146 
30 -9 405 240 -252 23 
51 -15 450 200 -251 159 
91 -15 427 216 -282 146 
71 -13 353 249 -257 47 
53 -4 362 177 -250 164 
69 15 387 249 -258 169 
51 -9 390 226 -295 200 
92 -15 435 213 -254 148 
281 11 386 224 -252 -27 
62 -11 407 171 -250 154 
65 4 409 224 -293 156 
53 6 367 225 -262 146 
51 -6 416 240 -263 130 
87 -7 351 212 -287 -40 
34 -15 391 244 -251 82 
231 14 424 230 -259 -33 
40 -8 355 189 -287 99 
32 -15 427 246 -255 115 
36 11 394 247 -272 191 
46 10 353 244 -251 116 
96 -12 389 194 -269 181 
94 -6 354 214 -295 193 
115 -8 410 250 -275 183 
91 -9 373 222 -291 147 
67 -6 369 219 -250 115 
38 -1 434 195 -275 168 
66 -13 425 228 -251 96 
113 -15 436 210 -268 200 
32 15 365 241 -250 109 
30 -7 449 248 -271 80 
98 -14 382 169 -255 197 
50 11 353 223 -251 117 
33 -13 351 241 -284 18 
100 -8 371 207 -272 -28 
83 -3 376 225 -287 181 
93 0 373 204 -257 198 
290 -15 445 130 -287 -18 
64 14 371 249 -281 148 
31 -3 448 250 -253 92 
44 9 376 247 -267 200 
53 7 367 225 -262 146 
37 4 368 247 -280 141 
50 -10 379 188 -259 137 
290 13 394 240 -296 -11 
54 7 367 225 -262 146 
74 -5 355 247 -261 152 
299 15 365 228 -250 -127 
73 4 370 222 -271 174 
54 7 367 225 -263 146 
37 5 368 247 -280 141 
70 12 447 237 -284 199 
52 11 422 203 -267 195 
32 -6 361 246 -261 88 
50 3 351 226 -274 87 
58 1 424 198 -282 175 
41 15 391 248 -278 131 
44 -12 374 185 -271 177 
61 -6 431 223 -279 103 
118 0 428 181 -251 198 
59 -12 401 185 -284 114 
70 15 387 249 -258 169 
37 5 367 247 -280 141 
78 -14 376 177 -251 179 
67 -11 415 191 -253 163 
47 -9 438 211 -252 113 
39 -7 388 250 -294 155 
51 -3 434 241 -276 89 
86 -4 432 243 -275 187 
97 -15 355 246 -298 101 
253 6 427 203 -297 -21 
41 -3 435 232 -300 130 
267 14 397 208 -250 -36 
71 -1 405 230 -292 138 
54 8 367 225 -263 146 
37 5 367 247 -281 141 
31 13 380 220 -283 135 
99 -5 405 243 -250 192 
280 13 366 224 -252 -123 
53 -8 363 192 -251 195 
51 -15 371 236 -298 100 
38 13 350 244 -266 74 
60 -11 409 172 -286 193 
34 9 370 196 -271 118 
37 6 367 247 -281 141 
254 -15 447 228 -291 -42 
55 7 395 244 -250 199 
39 -9 424 188 -276 130 
56 13 384 212 -289 197 
39 -8 424 188 -276 130 
38 6 367 247 -281 141 
250 15 418 240 -275 -63 
58 -11 358 208 -255 151 
94 -15 445 248 -260 193 
61 -14 432 195 -252 146 
289 9 420 156 -298 -46 
55 8 367 225 -263 146 
53 -8 425 165 -264 174 
34 -11 408 231 -257 73 
70 15 387 249 -259 169 
46 -6 381 209 -250 74 
85 -4 356 244 -290 185 
40 -8 424 188 -276 130 
40 -13 441 175 -256 199 
54 -12 350 246 -265 21 
62 -15 358 194 -288 199 
62 -13 364 245 -299 188 
40 -8 424 188 -277 130 
294 14 366 172 -254 -39 
200 -10 391 227 -250 -49 
30 -9 394 248 -271 39 
285 7 414 105 -285 5 
81 -6 387 227 -251 192 
45 4 425 247 -275 183 
153 15 368 233 -300 10 
55 9 367 225 -263 146 
38 7 367 247 -281 141 
81 -13 354 211 -282 187 
72 -12 364 215 -291 190 
30 -12 449 215 -273 190 
87 -10 441 222 -257 166 
95 -15 350 196 -267 139 
30 -10 390 178 -281 130 
55 9 367 225 -264 146 
61 -13 449 207 -278 141 
118 -7 387 194 -262 196 
58 0 368 250 -253 185 
181 13 408 113 -291 -31 
98 -12 390 197 -286 199 
46 -1 419 223 -298 112 
39 7 367 247 -281 141 
34 -14 413 208 -251 117 
55 -4 446 232 -297 149 
39 7 367 247 -282 141 
44 -9 388 246 -281 62 
53 -10 350 152 -250 156 
42 15 413 227 -298 168 
79 6 437 249 -261 184 
48 -15 352 221 -250 93 
46 10 407 208 -295 154 
54 -15 446 242 -254 190 
68 -11 377 237 -271 73 
58 6 353 235 -269 184 
39 8 367 247 -282 141 
60 -8 450 166 -251 198 
71 15 387 249 -259 169 
43 8 374 239 -267 171 
92 -2 371 129 -282 -9 
56 9 367 225 -264 146 
40 -1 417 225 -250 93 
33 -7 445 223 -272 73 
111 -15 362 243 -283 143 
71 15 387 249 -259 168 
56 10 367 225 -264 146 
44 -12 374 185 -272 177 
67 -14 353 162 -250 165 
56 10 367 225 -264 145 
41 -3 434 232 -300 130 
41 -15 364 173 -250 137 
192 -4 449 114 -252 -4 
293 14 408 241 -252 -58 
56 10 366 225 -264 145 
30 15 394 243 -252 127 
88 -5 444 225 -295 198 
39 8 367 247 -282 140 
46 -14 441 213 -291 155 
37 9 352 245 -269 156 
72 -14 392 238 -251 117 
44 -4 446 199 -299 196 
56 6 417 250 -300 143 
39 9 367 247 -282 140 
50 8 356 209 -258 148 
59 -13 363 250 -285 106 
52 6 399 213 -297 171 
40 9 367 246 -282 140 
30 -14 355 197 -282 133 
97 -15 392 213 -288 151 
30 -10 394 248 -271 39 
85 -14 368 237 -297 125 
32 -11 448 229 -270 167 
41 -13 356 213 -281 142 
85 -9 450 205 -282 188 
58 -13 351 197 -291 117 
41 -10 360 206 -250 86 
30 -15 392 199 -297 163 
59 -14 408 218 -299 129 
95 -5 377 234 -268 196 
31 0 441 230 -256 93 
252 15 421 91 -300 -23 
66 6 431 250 -283 168 
40 -13 449 225 -251 183 
53 -12 425 250 -256 38 
71 15 387 249 -260 168 
56 11 366 225 -264 145 
40 9 367 246 -283 140 
91 0 377 238 -250 173 
56 -11 376 236 -289 141 
41 -2 434 232 -300 130 
31 15 421 222 -250 168 
241 -14 410 183 -265 -15 
30 10 446 196 -254 182 
38 13 450 238 -276 176 
56 11 366 225 -265 145 
37 -11 357 189 -250 128 
61 -10 388 161 -253 165 
81 -12 444 234 -296 151 
279 15 411 240 -266 -64 
30 -4 435 156 -254 145 
65 -9 420 229 -299 185 
57 11 366 225 -265 145 
40 10 367 246 -283 140 
32 -11 366 152 -269 186 
65 -8 419 228 -299 184 
292 9 353 207 -294 -12 
36 -5 410 168 -252 175 
60 -13 418 205 -272 136 
61 -10 415 219 -285 88 
290 15 354 194 -251 -26 
278 12 416 245 -251 -89 
296 14 380 237 -251 -85 
44 -12 374 185 -272 176 
54 -15 450 227 -267 105 
71 15 386 249 -260 168 
42 -2 434 232 -300 130 
62 -13 422 183 -276 137 
67 -5 361 249 -250 106 
72 15 386 249 -260 168 
41 10 367 246 -283 140 
83 -14 450 237 -281 120 
76 -8 377 214 -267 136 
46 -7 409 225 -300 163 
33 4 435 235 -275 198 
54 -15 407 184 -291 154 
91 11 441 220 -300 -20 
52 -11 399 237 -264 79 
63 6 422 219 -265 200 
38 15 431 250 -266 170 
35 -11 427 235 -291 155 
44 -15 425 158 -255 122 
95 -12 390 245 -255 178 
32 -12 396 155 -254 105 
58 -15 355 185 -275 106 
58 -9 417 207 -296 152 
65 -7 419 228 -299 184 
57 12 366 225 -265 145 
91 -12 443 235 -251 152 
61 -7 350 239 -291 146 
42 -1 434 232 -300 130 
41 11 367 246 -283 140 
73 3 351 225 -252 149 
91 -12 428 224 -252 181 
46 -2 374 213 -298 181 
157 14 444 185 -270 -26 
66 -7 419 228 -299 184 
299 14 363 185 -253 -95 
69 -15 443 173 -271 148 
30 -8 443 175 -286 121 
83 14 444 182 -252 -9 
104 -3 408 197 -250 200 
33 -7 446 250 -299 85 
116 -13 420 118 -278 -18 
60 -11 404 250 -290 52 
30 0 373 240 -299 106 
46 -12 407 151 -267 172 
91 -14 408 228 -251 187 
63 15 405 236 -286 174 
60 -14 375 250 -252 87 
43 -9 352 212 -263 49 
120 -14 355 216 -277 188 
40 -3 396 234 -277 133 
30 0 424 234 -259 112 
66 -7 419 228 -300 184 
30 10 448 247 -257 124 
40 -12 386 199 -261 191 
85 -14 400 247 -291 115 
101 -15 365 226 -272 181 
56 4 439 217 -289 159 
36 11 419 249 -250 128 
63 13 352 208 -254 187 
66 -6 419 228 -300 184 
58 12 366 225 -265 145 
41 11 367 246 -284 140 
105 -15 354 204 -253 149 
93 -14 382 246 -280 177 
38 14 398 230 -286 163 
54 -11 447 236 -269 156 
35 -15 375 205 -298 133 
40 -14 441 175 -256 199 
52 -14 409 233 -281 101 
38 6 356 199 -270 159 
33 14 378 199 -259 144 
89 -14 387 246 -294 139 
52 -14 410 169 -263 134 
42 0 434 232 -300 130 
42 11 367 246 -284 140 
205 13 418 225 -298 -31 
58 13 366 225 -266 145 
42 12 367 246 -284 140 
118 -13 396 237 -250 185 
37 12 370 215 -266 127 
43 0 434 232 -300 130 
60 -7 367 227 -297 183 
37 -7 386 226 -256 72 
255 13 353 242 -272 -75 
93 -13 351 168 -251 194 
40 -14 441 175 -257 199 
72 15 386 249 -261 168 
42 -14 369 194 -274 196 
69 -10 410 199 -294 179 
67 -6 419 228 -300 184 
58 -15 362 214 -279 79 
42 -13 352 223 -274 66 
42 12 366 246 -284 140 
85 -12 407 250 -294 94 
63 -15 431 242 -271 200 
96 -4 410 233 -282 199 
67 -5 419 228 -300 184 
30 -10 394 248 -271 38 
46 -4 428 246 -279 124 
73 15 386 249 -261 168 
299 13 398 250 -257 -79 
73 -13 406 243 -300 172 
284 15 432 186 -259 -9 
52 5 449 225 -275 200 
65 -15 435 197 -253 118 
72 15 386 244 -300 187 
49 -5 412 221 -250 131 
64 -15 399 169 -269 186 
167 12 353 250 -271 -89 
33 15 369 203 -275 197 
71 -15 365 204 -260 115 
165 -14 357 103 -292 -16 
30 -11 447 168 -252 176 
98 -15 437 250 -250 175 
43 0 434 232 -300 129 
42 13 366 246 -284 140 
63 -13 444 222 -300 177 
67 -4 419 228 -300 184 
40 -7 424 188 -277 130 
30 -10 394 248 -272 38 
116 -13 430 233 -252 -28 
59 -11 359 245 -300 27 
68 -4 419 228 -300 184 
43 0 434 231 -300 129 
42 -15 416 181 -251 134 
297 14 400 204 -259 -56 
58 14 366 225 -266 145 
43 13 366 246 -284 140 
30 -15 404 182 -254 199 
104 -15 433 227 -255 197 
33 15 379 206 -255 195 
60 -14 447 211 -300 138 
193 10 433 239 -299 -33 
68 -4 419 228 -300 183 
44 0 434 231 -300 129 
122 -11 373 182 -252 198 
80 -13 351 223 -297 108 
44 1 434 231 -300 129 
199 15 355 212 -293 -54 
123 -8 373 181 -252 197 
43 13 366 246 -284 139 
40 -7 424 188 -278 130 
43 13 366 246 -285 139 
52 -1 413 246 -253 104 
42 13 429 183 -264 200 
92 -11 433 206 -259 -49 
68 -3 418 228 -300 183 
57 3 388 250 -271 168 
52 0 412 245 -253 103 
53 15 429 249 -298 158 
47 4 402 239 -294 149 
103 -13 389 250 -256 152 
57 3 387 249 -271 167 
45 -13 383 247 -258 40 
136 -1 447 236 -250 -62 
66 -5 449 231 -255 126 
31 15 364 217 -300 166 
43 14 366 246 -285 139 
103 -12 388 249 -256 151 
70 9 411 249 -266 170 
86 -15 380 194 -250 124 
75 -11 433 211 -250 -30 
46 -4 408 193 -250 159 
80 -14 368 211 -255 198 
60 -8 396 245 -256 105 
87 4 352 236 -250 190 
37 -15 414 250 -280 -54 
37 -6 414 196 -275 148 
40 -2 446 210 -250 196 
69 -3 418 228 -300 183 
44 -11 374 185 -272 176 
88 -14 414 249 -260 165 
33 -8 383 220 -289 140 
72 -8 443 212 -297 155 
44 2 434 231 -300 129 
86 -11 406 216 -285 139 
203 3 372 221 -268 -64 
38 -11 438 178 -283 160 
65 -10 394 181 -259 167 
48 -12 393 184 -250 170 
40 -7 424 188 -278 129 
43 -15 387 230 -300 147 
103 -11 388 249 -256 151 
48 -8 435 176 -283 192 
49 -13 356 176 -250 92 
69 -2 418 228 -300 183 
41 -7 424 188 -278 129 
74 15 386 249 -262 168 
44 2 433 231 -300 129 
180 15 450 249 -295 -21 
41 13 384 227 -250 158 
45 2 433 231 -300 129 
104 -11 388 249 -256 151 
87 -15 431 247 -256 100 
60 -13 393 214 -250 108 
288 13 442 174 -250 -107 
34 -15 375 207 -250 173 
92 -9 421 193 -255 193 
31 -1 431 164 -285 198 
44 14 366 246 -285 139 
149 -12 394 191 -254 196 
104 -11 388 249 -257 151 
41 -6 424 188 -278 129 
104 -10 388 249 -257 151 
46 -4 411 245 -250 69 
174 15 443 236 -253 -66 
93 -15 370 248 -262 148 
65 -6 371 248 -293 65 
31 -11 374 188 -253 89 
280 9 432 225 -258 -105 
45 3 433 231 -300 129 
45 -11 374 185 -272 176 
46 -3 410 244 -250 68 
35 15 394 220 -254 143 
44 15 366 246 -285 139 
131 -10 371 250 -267 -54 
68 -4 409 223 -258 177 
35 5 392 235 -253 191 
30 14 430 204 -276 156 
59 -14 448 211 -285 119 
70 -2 418 228 -300 183 
108 -8 448 247 -289 193 
71 -10 449 245 -253 181 
54 -11 366 227 -299 119 
70 -1 418 228 -300 183 
105 -10 388 249 -257 151 
283 15 421 134 -299 -31 
100 11 392 249 -250 -60 
80 -14 421 197 -275 147 
105 -9 388 249 -257 151 
48 -8 350 212 -298 181 
41 -6 424 187 -279 129 
53 4 352 194 -250 159 
60 -15 442 248 -264 122 
59 -15 399 191 -279 173 
53 4 351 193 -250 158 
87 -14 401 196 -255 189 
58 14 449 241 -252 170 
110 -15 351 240 -279 187 
45 4 433 231 -300 129 
105 -9 388 249 -258 151 
46 4 433 231 -300 129 
44 15 366 246 -286 139 
47 15 361 232 -255 190 
41 -5 424 187 -279 129 
30 -10 393 248 -272 38 
30 14 417 210 -288 183 
260 1 369 240 -298 -51 
105 -8 388 249 -258 151 
89 9 371 250 -253 192 
87 -10 389 211 -294 169 
46 7 367 214 -253 197 
70 0 418 228 -300 183 
33 -12 443 223 -296 113 
31 -15 397 184 -300 138 
31 13 378 175 -254 150 
71 0 418 228 -300 183 
42 -5 424 187 -279 129 
30 -10 393 249 -272 38 
45 -11 374 185 -273 176 
106 -8 388 249 -258 151 
47 12 436 214 -254 191 
263 -14 356 199 -288 -14 
41 7 393 186 -251 144 
42 0 449 181 -284 177 
31 6 444 249 -300 183 
46 1 407 248 -296 85 
297 10 389 170 -250 -41 
53 6 403 220 -297 133 
46 5 433 231 -300 129 
45 15 366 246 -286 139 
46 -4 422 196 -254 199 
106 -8 387 249 -258 150 
39 -2 360 189 -296 166 
43 -4 389 198 -281 117 
46 5 433 231 -300 128 
53 5 351 193 -250 158 
34 -13 428 246 -264 151 
47 3 449 187 -252 173 
34 -12 427 246 -264 150 
71 0 418 228 -300 182 
42 -4 424 187 -279 129 
40 -14 441 175 -258 199 
68 -9 351 216 -273 118 
47 3 448 186 -252 172 
68 -8 350 215 -273 117 
63 -15 429 225 -272 135 
294 4 396 234 -264 -64 
44 13 374 246 -279 141 
42 -4 424 187 -280 129 
54 5 351 193 -250 158 
30 -8 433 160 -280 145 
276 4 448 210 -286 -21 
30 10 355 197 -258 111 
63 13 450 191 -282 -5 
47 5 433 231 -300 128 
47 -12 350 217 -298 150 
72 13 410 250 -297 -48 
46 -13 405 202 -252 196 
251 -10 430 223 -300 -16 
72 0 418 228 -300 182 
47 6 433 231 -300 128 
68 -7 350 215 -273 117 
72 -9 361 179 -250 192 
103 -13 374 242 -300 136 
65 -4 391 202 -273 151 
47 6 433 230 -300 128 
92 -15 352 242 -270 166 
84 -13 375 202 -279 149 
54 5 351 193 -251 158 
69 -7 350 215 -273 117 
56 -12 373 242 -254 15 
43 -4 424 187 -280 129 
67 -13 403 248 -299 143 
74 -14 356 234 -297 173 
72 1 417 228 -300 182 
43 -3 424 187 -280 129 
54 6 351 193 -251 158 
50 14 356 235 -294 175 
53 8 424 236 -285 170 
33 3 367 231 -262 61 
51 11 368 227 -280 171 
69 -6 350 215 -274 117 
62 -15 433 169 -294 189 
34 -3 369 157 -250 171 
295 15 420 247 -255 -76 
293 13 433 204 -250 -92 
97 -11 422 111 -277 -18 
72 10 363 211 -259 200 
296 -7 404 219 -300 -28 
47 7 433 230 -300 128 
46 15 366 246 -287 139 
77 -15 396 236 -279 151 
54 1 418 164 -257 198 
43 -15 389 219 -300 168 
70 -6 350 215 -274 117 
72 -12 374 202 -300 131 
93 -14 402 219 -271 184 
31 -15 419 246 -294 43 
38 -15 394 166 -255 199 
46 -6 428 188 -256 105 
46 15 365 246 -287 139 
70 -5 350 215 -274 117 
38 -11 450 206 -268 160 
45 2 369 189 -269 186 
43 -3 423 187 -280 129 
274 15 374 215 -253 -16 
72 -11 368 226 -283 154 
58 -2 428 250 -287 151 
73 1 417 228 -300 182 
43 -2 423 187 -281 129 
48 7 433 230 -300 128 
30 -10 393 249 -273 38 
55 6 351 193 -251 158 
196 -9 425 246 -295 -59 
52 9 386 210 -261 187 
84 -15 381 250 -265 70 
73 2 417 228 -300 182 
45 -10 374 185 -273 176 
31 -13 435 191 -300 121 
47 -14 392 173 -272 123 
46 -15 402 217 -283 68 
66 -15 350 184 -253 136 
30 -13 435 190 -299 121 
52 -15 438 181 -256 158 
40 6 360 233 -280 71 
269 15 447 62 -278 16 
43 -2 423 187 -281 128 
55 7 351 193 -251 158 
66 -14 350 183 -253 135 
60 9 392 249 -280 -49 
92 -15 372 226 -282 200 
44 -2 423 187 -281 128 
48 8 433 230 -300 128 
92 -14 371 225 -282 199 
106 12 366 204 -280 -26 
290 13 370 185 -256 -8 
60 -14 395 249 -277 26 
39 8 382 183 -250 174 
33 13 404 198 -279 150 
44 -1 423 187 -281 128 
81 -15 351 250 -263 127 
73 3 417 228 -300 182 
30 1 450 220 -284 101 
31 -14 449 214 -285 98 
46 15 365 246 -287 138 
92 -13 371 225 -282 199 
67 -14 447 203 -256 178 
95 15 381 203 -279 -17 
51 -7 375 212 -275 68 
73 -15 447 171 -257 168 
30 -8 400 191 -291 119 
74 3 417 228 -300 182 
30 1 441 249 -256 161 
267 13 435 236 -250 -90 
111 -15 391 233 -268 166 
81 14 400 123 -296 -6 
50 -11 450 227 -269 83 
47 15 365 246 -287 138 
55 7 351 193 -252 158 
93 -13 371 225 -282 199 
72 -13 408 246 -253 91 
44 -1 423 187 -282 128 
48 8 432 230 -300 128 
49 3 383 205 -296 162 
82 13 382 249 -283 185 
56 -13 399 205 -251 127 
58 -11 406 163 -254 179 
55 8 351 193 -252 158 
93 -13 371 225 -283 199 
66 -5 409 203 -276 197 
30 -8 392 249 -270 140 
54 -14 377 232 -278 104 
44 -15 425 158 -256 122 
56 8 351 193 -252 158 
66 -4 408 202 -276 196 
299 13 381 76 -250 12 
48 2 365 234 -262 84 
44 0 423 187 -282 128 
93 -12 371 225 -283 199 
42 -11 449 162 -272 160 
74 4 417 228 -300 182 
34 -4 446 228 -252 113 
30 -14 369 245 -273 -60 
118 -12 365 247 -254 184 
47 15 365 246 -288 138 
191 10 444 113 -293 -17 
56 8 351 193 -252 157 
41 9 432 79 -300 -2 
79 -15 427 210 -294 183 
74 4 417 228 -300 181 
94 -12 371 225 -283 199 
37 9 350 222 -300 195 
66 5 382 211 -291 175 
49 -2 436 204 -252 153 
37 9 350 221 -300 194 
86 6 356 229 -270 182 
68 -12 369 210 -293 169 
94 -11 371 225 -283 199 
49 -1 435 203 -252 152 
159 4 449 217 -270 -42 
71 -12 416 219 -250 158 
75 4 417 228 -300 181 
40 -15 441 175 -258 199 
67 -10 350 230 -272 136 
94 -11 371 225 -284 199 
299 13 415 242 -260 -37 
66 -3 408 202 -276 196 
30 -11 393 249 -273 38 
56 9 351 193 -252 157 
94 -11 371 225 -284 198 
297 9 415 244 -260 -36 
57 -15 369 196 -271 84 
37 -14 372 240 -280 127 
75 5 417 228 -300 181 
56 9 350 193 -252 157 
31 2 383 201 -297 97 
51 -13 450 231 -279 172 
250 13 424 213 -250 -34 
31 2 382 200 -297 96 
294 9 429 236 -285 -32 
70 -2 365 209 -287 152 
95 -10 371 225 -284 198 
65 7 421 246 -285 197 
46 -12 440 235 -299 100 
75 -15 412 228 -283 122 
48 15 365 246 -288 138 
65 7 420 245 -285 196 
141 -14 427 179 -258 200 
298 12 441 145 -250 -67 
40 -15 441 175 -259 199 
147 2 390 67 -273 7 
76 5 446 250 -270 200 
38 -10 365 226 -296 80 
67 11 382 249 -273 198 
57 9 350 193 -252 157 
120 -13 373 249 -279 156 
52 -11 373 192 -252 113 
39 -15 441 175 -259 199 
67 11 381 248 -273 197 
45 -10 374 185 -274 176 
95 -12 420 199 -281 194 
51 -1 444 210 -273 182 
30 -1 445 243 -258 194 
57 9 350 193 -253 157 
95 -9 371 225 -284 198 
123 -15 351 186 -251 200 
76 6 417 228 -300 181 
95 -9 371 225 -285 198 
123 -14 350 185 -251 199 
31 2 397 187 -299 157 
71 -15 449 240 -298 187 
123 -14 376 211 -264 -56 
76 6 416 228 -300 181 
96 -9 371 225 -285 198 
123 -13 350 185 -251 199 
62 -14 384 249 -282 46 
51 9 382 183 -265 197 
124 -12 350 185 -251 199 
57 10 350 193 -253 157 
274 14 450 198 -253 -39 
125 -10 351 184 -251 199 
30 -13 449 184 -297 157 
229 -14 449 94 -257 4 
46 9 427 236 -299 145 
273 12 450 198 -253 -38 
257 7 416 222 -292 -28 
45 -5 388 240 -295 87 
63 -10 418 216 -267 165 
46 -10 374 185 -274 176 
96 -8 370 225 -285 198 
273 11 449 199 -253 -38 
49 -11 411 209 -273 -16 
300 15 435 237 -253 -97 
48 15 365 246 -289 138 
272 10 449 200 -253 -38 
70 -11 382 180 -251 198 
299 13 435 237 -252 -96 
55 12 426 250 -259 179 
41 -11 414 194 -280 192 
298 11 435 239 -252 -96 
51 -7 369 231 -250 197 
297 9 435 240 -253 -96 
67 12 381 248 -273 197 
51 -6 368 230 -250 196 
35 -12 425 205 -299 131 
60 -2 350 223 -250 84 
296 5 435 242 -253 -95 
49 15 365 246 -289 138 
35 -11 424 205 -299 130 
297 13 448 189 -252 -16 
53 0 443 245 -251 157 
45 -11 352 154 -254 191 
53 0 442 245 -251 156 
48 1 351 204 -274 89 
85 0 389 225 -275 161 
36 -15 440 194 -280 147 
56 -14 448 183 -300 197 
194 -14 443 239 -300 -57 
68 12 381 248 -273 197 
46 -9 374 185 -274 176 
72 -8 352 221 -283 166 
129 -12 358 248 -270 184 
72 -7 351 221 -283 165 
38 14 361 236 -288 197 
42 12 374 235 -256 129 
82 -3 400 211 -298 200 
95 -2 423 241 -257 190 
50 -3 433 233 -256 96 
129 -11 357 247 -270 183 
95 -1 422 240 -257 189 
73 -15 401 240 -271 112 
50 -2 432 233 -256 95 
92 -15 389 224 -295 118 
264 11 449 204 -252 -85 
65 4 450 247 -298 156 
44 -15 424 158 -256 122 
46 -9 374 185 -274 175 
73 -14 400 239 -271 111 
52 -11 373 169 -267 128 
49 15 365 245 -289 138 
297 12 449 167 -253 -88 
195 12 372 214 -295 -39 
297 11 449 167 -252 -87 
59 12 384 227 -299 181 
30 -10 413 248 -276 141 
73 -15 376 239 -259 105 
68 12 381 248 -274 197 
30 -14 394 226 -284 49 
299 8 411 250 -271 -93 
51 6 450 245 -291 133 
36 11 442 222 -300 148 
30 -13 393 226 -284 48 
32 -14 360 229 -298 42 
68 13 381 248 -274 197 
134 -15 362 187 -252 182 
263 9 448 223 -256 -65 
55 4 394 246 -295 181 
37 -13 395 176 -288 172 
49 15 364 245 -289 138 
30 -11 393 249 -274 38 
86 -6 418 247 -296 149 
78 -1 444 194 -250 197 
95 0 422 240 -257 189 
86 -5 417 246 -296 148 
112 6 368 228 -299 -47 
43 15 395 241 -300 129 
30 13 397 204 -298 186 
41 11 416 240 -250 171 
50 15 364 245 -289 138 
30 9 378 229 -281 99 
34 -5 444 250 -300 131 
56 -11 432 228 -250 129 
50 11 352 230 -251 152 
56 -11 431 228 -250 128 
96 0 422 240 -257 189 
50 15 364 245 -290 138 
78 -14 418 199 -299 155 
43 -15 424 158 -256 122 
124 11 450 244 -280 -48 
38 -15 364 230 -268 158 
276 14 424 246 -264 -34 
43 2 392 213 -250 171 
67 1 395 201 -256 199 
30 10 392 245 -254 157 
96 0 422 240 -258 189 
61 -12 428 241 -253 184 
32 -15 446 229 -300 85 
42 -15 355 173 -263 197 
85 3 418 225 -250 198 
69 13 381 248 -274 197 
297 10 449 168 -252 -87 
290 9 356 223 -251 -31 
64 -9 450 192 -274 193 
50 15 364 245 -290 137 
55 -15 448 187 -261 142 
50 -14 413 179 -250 170 
115 -14 391 222 -271 195 
297 10 449 168 -251 -87 
51 -6 368 230 -251 196 
98 -12 350 219 -250 168 
275 12 372 232 -250 -41 
247 10 425 51 -297 11 
51 -5 368 230 -251 196 
30 -12 425 226 -258 59 
40 10 354 204 -278 111 
89 -15 382 188 -293 187 
35 -15 429 160 -261 177 
30 -5 373 152 -254 197 
69 14 381 248 -274 197 
46 -7 418 170 -251 148 
33 -1 415 248 -278 49 
49 -8 450 205 -274 107 
73 -9 433 224 -267 200 
277 13 421 229 -253 -30 
69 -15 388 231 -287 82 
276 10 421 230 -253 -29 
97 0 422 240 -258 189 
84 -15 400 226 -280 198 
62 -9 384 173 -280 174 
54 -11 376 223 -269 53 
275 8 421 232 -253 -29 
46 -9 374 186 -274 175 
297 10 449 169 -251 -87 
39 -15 441 175 -260 199 
274 5 421 233 -253 -29 
51 15 364 245 -290 137 
297 9 449 169 -251 -87 
39 14 415 237 -250 200 
41 -15 422 224 -292 82 
32 -5 448 246 -296 154 
39 -15 440 175 -260 199 
46 -9 374 186 -275 175 
47 -8 355 191 -264 173 
31 15 363 247 -255 153 
39 14 414 236 -250 199 
61 -1 378 242 -300 111 
62 14 352 225 -261 198 
271 14 434 236 -250 -116 
39 -15 440 174 -260 199 
47 -7 354 191 -264 172 
31 15 362 246 -255 152 
34 -14 396 226 -300 78 
109 -11 416 217 -255 200 
30 11 367 187 -275 169 
47 -8 373 196 -295 199 
31 -15 366 219 -274 128 
69 14 381 248 -275 197 
30 -15 365 219 -273 128 
50 -14 365 191 -296 149 
50 -15 430 218 -254 90 
286 14 441 134 -297 -3 
69 14 381 248 -275 196 
262 15 419 232 -283 -46 
297 9 449 169 -251 -86 
86 -7 448 246 -267 153 
47 -10 356 226 -250 42 
266 -10 429 83 -267 -1 
297 8 449 170 -251 -86 
90 -14 392 213 -266 164 
31 -5 447 236 -290 186 
51 15 364 245 -291 137 
60 -13 429 209 -292 177 
50 10 427 223 -279 198 
256 -8 450 107 -296 -15 
91 -13 374 210 -284 185 
36 -14 354 184 -299 197 
60 -12 428 209 -292 176 
134 12 354 96 -299 8 
30 15 352 241 -255 177 
40 14 388 248 -265 100 
60 -12 428 208 -292 176 
287 10 396 216 -252 -95 
54 -6 443 250 -296 112 
67 -15 387 206 -292 193 
46 -8 374 186 -275 175 
69 7 367 243 -298 186 
70 15 381 248 -275 196 
31 -8 447 154 -283 184 
297 8 449 170 -250 -86 
281 14 363 71 -299 13 
58 10 376 231 -300 132 
297 7 449 171 -250 -86 
40 -15 350 221 -297 64 
49 -3 419 215 -292 186 
69 -7 355 212 -253 169 
296 7 449 171 -250 -86 
108 -12 450 238 -284 -42 
52 15 364 245 -291 137 
66 -6 406 228 -293 200 
35 15 350 224 -279 183 
296 13 435 223 -255 -68 
47 -6 382 225 -254 105 
78 -8 355 249 -298 141 
295 11 435 224 -255 -67 
56 8 374 242 -251 105 
294 8 435 225 -255 -67 
293 6 435 226 -255 -67 
48 -15 435 197 -252 188 
63 10 418 223 -300 193 
43 12 386 204 -262 164 
47 -14 384 189 -295 132 
60 -11 428 208 -292 176 
47 -15 434 196 -252 187 
34 14 442 219 -267 200 
261 -15 387 99 -295 21 
34 14 441 218 -267 199 
83 -6 380 243 -299 167 
33 -14 450 197 -256 178 
47 -8 374 186 -275 175 
32 -14 449 196 -256 177 
81 1 369 228 -252 198 
103 -14 413 250 -296 189 
49 -14 450 241 -255 56 
83 -14 420 164 -250 200 
122 -14 426 248 -255 180 
93 -10 448 235 -255 179 
61 -11 428 208 -292 176 
30 -12 441 219 -273 151 
30 -6 448 225 -299 158 
52 15 364 245 -292 137 
61 -11 428 208 -293 176 
68 -11 423 249 -267 97 
69 -14 397 201 -262 163 
36 13 354 248 -297 114 
44 -15 424 158 -257 122 
70 15 381 248 -276 196 
53 15 364 245 -292 137 
56 -15 350 241 -291 48 
81 -14 371 219 -268 165 
30 5 429 243 -300 119 
118 -15 351 233 -250 168 
43 -15 424 158 -257 122 
61 -10 428 208 -293 176 
45 -3 415 238 -272 76 
60 14 424 215 -250 -46 
203 -14 379 206 -251 -22 
33 -8 384 191 -260 116 
33 -9 374 249 -251 66 
85 -13 355 223 -251 146 
70 -15 392 211 -296 127 
60 15 355 246 -270 135 
31 -14 366 224 -288 61 
71 15 381 248 -276 196 
70 -14 391 210 -296 126 
272 -15 409 130 -299 7 
36 -15 369 207 -255 65 
70 -8 450 227 -251 172 
30 12 362 219 -279 115 
106 4 353 250 -253 195 
48 15 438 248 -269 195 
41 5 377 247 -259 152 
34 1 351 241 -250 160 
106 4 352 249 -253 194 
30 -11 393 249 -275 38 
30 -11 433 177 -250 117 
216 -15 406 245 -286 -19 
63 -12 364 196 -271 183 
34 11 411 239 -280 179 
32 6 448 220 -252 170 
131 11 373 235 -293 -43 
53 15 363 245 -292 137 
36 3 350 206 -297 161 
271 12 395 231 -250 -42 
30 -11 392 249 -275 38 
51 -13 368 248 -286 6 
52 -5 355 199 -275 196 
37 -14 419 163 -293 186 
300 14 360 236 -258 -39 
269 9 395 232 -250 -41 
66 13 385 218 -267 -30 
47 -6 428 211 -268 129 
76 -14 436 181 -284 195 
71 15 380 248 -276 196 
65 12 385 218 -266 -30 
30 1 405 182 -277 161 
30 1 404 181 -277 160 
93 -14 409 177 -268 194 
31 -15 415 203 -256 95 
98 -12 404 230 -270 146 
30 -11 392 250 -275 38 
93 -13 408 176 -268 193 
33 2 401 203 -295 134 
54 15 363 245 -292 137 
47 -8 374 186 -276 175 
51 -15 433 216 -253 -42 
39 -15 440 174 -261 199 
54 15 363 245 -292 136 
263 12 352 164 -253 -17 
54 15 363 245 -293 136 
196 15 378 220 -296 -20 
37 -15 379 163 -254 144 
47 -7 374 186 -276 175 
75 -10 371 209 -274 194 
31 -11 392 249 -275 38 
38 -15 408 194 -285 134 
293 4 380 249 -298 -53 
75 -9 370 208 -274 193 
31 -11 392 250 -275 38 
38 -14 407 194 -285 133 
292 3 379 249 -298 -52 
56 -14 386 248 -260 144 
30 6 420 229 -292 151 
101 2 367 233 -251 200 
32 15 380 230 -297 199 
146 -14 351 246 -285 -31 
30 -14 395 204 -277 69 
33 -5 396 147 -268 179 
30 6 419 228 -292 150 
242 -2 360 217 -296 -35 
59 -8 394 174 -254 130 
88 -12 407 191 -252 160 
31 -11 392 250 -275 37 
47 -7 373 186 -276 175 
31 -13 406 183 -261 143 
290 14 351 155 -250 -20 
43 -14 450 225 -299 199 
72 15 380 248 -276 196 
31 -12 405 183 -261 142 
106 -14 427 247 -280 184 
300 11 351 233 -255 -15 
61 -12 397 125 -295 -28 
72 15 380 248 -277 196 
84 -7 450 236 -273 195 
52 11 402 250 -285 194 
30 -15 397 201 -278 97 
48 -7 373 186 -276 175 
274 15 393 250 -258 -39 
68 -14 426 224 -286 198 
30 -15 397 200 -277 97 
55 15 363 245 -293 136 
60 0 385 176 -250 183 
35 3 447 210 -282 145 
34 12 381 233 -281 184 
64 -10 350 185 -257 161 
48 -6 373 186 -276 175 
37 15 350 203 -254 138 
74 -14 423 242 -298 109 
72 15 380 248 -277 195 
63 -15 443 244 -254 96 
30 15 394 233 -268 134 
300 14 382 239 -260 -116 
300 14 448 249 -266 -31 
41 12 418 214 -290 -20 
52 -14 415 224 -271 65 
80 -15 413 213 -252 113 
32 -11 449 177 -300 178 
30 -6 369 182 -281 179 
283 1 447 95 -299 10 
73 8 423 225 -281 198 
51 2 434 193 -297 177 
45 -14 374 204 -261 95 
36 -6 434 214 -271 176 
48 -6 373 186 -276 174 
47 -14 406 249 -270 51 
58 -6 427 233 -251 166 
36 -6 433 213 -271 175 
113 10 447 232 -259 -42 
74 -14 391 250 -251 67 
278 13 412 216 -251 -60 
47 -14 405 249 -270 50 
90 -15 352 239 -276 81 
55 15 363 245 -294 136 
48 -5 373 186 -276 174 
217 12 388 218 -250 -54 
39 -12 394 241 -300 65 
119 -8 384 250 -278 200 
42 -12 362 203 -277 111 
84 -12 372 187 -259 196 
30 -14 373 191 -298 157 
31 -7 412 234 -300 86 
152 12 392 125 -299 -3 
100 -6 438 249 -253 -37 
85 5 353 250 -287 -62 
109 -15 428 155 -253 189 
49 -5 373 186 -276 174 
84 -11 371 186 -259 195 
289 11 361 248 -252 -52 
61 -1 401 187 -289 185 
34 -9 376 231 -250 138 
80 -15 435 234 -296 170 
58 -15 395 224 -272 108 
57 -9 417 212 -255 106 
67 -2 450 243 -282 121 
119 -6 400 220 -279 -9 
56 15 363 245 -294 136 
52 -12 364 212 -259 110 
69 -8 352 221 -250 133 
72 -2 406 230 -270 140 
56 -11 431 228 -251 128 
73 15 380 248 -277 195 
31 -12 392 250 -275 37 
64 -13 353 217 -287 94 
32 -14 449 196 -257 177 
31 -11 392 249 -275 37 
49 -4 373 186 -276 174 
31 -15 356 214 -298 104 
33 10 421 210 -269 179 
106 -15 362 195 -283 198 
78 -10 446 250 -272 131 
84 -10 371 186 -259 195 
268 15 447 197 -251 -104 
64 -15 428 158 -255 198 
300 10 439 235 -256 -37 
48 -13 405 206 -299 168 
68 14 406 240 -298 199 
65 -7 367 234 -267 116 
37 -13 380 221 -251 42 
62 -2 368 186 -272 200 
49 -4 373 186 -277 174 
85 -10 371 186 -259 195 
75 1 393 220 -299 164 
54 2 413 248 -277 96 
84 -10 352 212 -299 173 
31 14 444 242 -295 128 
73 15 380 248 -278 195 
58 -14 403 213 -300 106 
88 3 449 249 -296 -30 
77 -13 427 234 -255 157 
70 -12 365 249 -256 198 
32 -15 393 200 -272 177 
50 -4 373 186 -277 174 
85 -10 371 186 -260 195 
260 9 409 229 -275 -18 
31 -8 416 194 -251 77 
40 -15 408 164 -277 197 
74 -2 408 247 -250 122 
72 -12 450 224 -253 152 
51 13 351 248 -300 154 
50 -3 373 186 -277 174 
85 -9 371 186 -260 195 
124 -13 365 195 -250 -33 
60 -14 430 160 -278 147 
53 -6 450 197 -251 118 
202 0 412 125 -273 -42 
61 -2 352 250 -298 71 
40 -15 449 236 -250 88 
59 6 432 250 -299 178 
58 14 375 247 -292 200 
57 15 363 245 -295 136 
30 -15 367 185 -265 154 
60 -6 352 168 -271 200 
32 -15 449 196 -257 177 
72 -15 424 239 -251 137 
52 -15 357 248 -289 -80 
251 14 353 211 -295 -12 
86 -9 371 186 -260 195 
30 13 384 175 -267 198 
39 -15 440 174 -262 199 
31 -12 392 250 -276 37 
50 -2 373 186 -277 174 
86 -8 371 186 -260 195 
49 15 352 250 -256 174 
31 -11 392 249 -276 37 
57 15 362 245 -295 136 
31 -11 392 250 -276 37 
96 -10 391 250 -257 125 
88 -11 376 250 -276 117 
70 -12 429 208 -296 137 
51 -2 373 186 -277 174 
30 0 395 210 -250 80 
30 -15 364 232 -250 63 
62 -15 445 211 -280 168 
86 -8 371 186 -261 195 
92 -11 411 237 -251 127 
31 -14 355 174 -255 116 
40 -9 409 229 -280 168 
300 10 450 219 -260 -51 
74 15 380 248 -278 195 
51 -1 373 186 -277 174 
86 -7 371 186 -261 195 
299 15 430 163 -250 -14 
87 -7 371 186 -261 195 
101 -2 355 235 -285 199 
57 15 362 245 -295 135 
51 -1 373 186 -277 173 
30 13 372 247 -286 173 
34 -11 398 230 -250 51 
64 1 354 241 -287 177 
30 8 394 213 -278 178 
38 -10 448 154 -251 134 
48 -14 449 226 -285 -15 
58 15 362 245 -295 135 
87 -7 371 186 -261 194 
278 15 353 216 -250 -99 
65 -6 350 244 -282 198 
32 -14 370 223 -266 68 
52 -1 373 186 -277 173 
32 15 391 211 -299 153 
35 -15 410 186 -299 156 
32 14 352 250 -298 186 
30 13 404 184 -254 183 
52 0 373 186 -278 173 
92 -14 414 230 -300 127 
87 -13 389 249 -272 136 
63 -14 426 208 -252 191 
82 -15 351 210 -297 123 
30 -12 449 211 -264 130 
87 -7 370 186 -261 194 
38 -14 389 222 -254 158 
50 15 368 237 -297 152 
272 14 390 244 -251 -69 
75 -13 424 197 -287 197 
87 -6 370 186 -261 194 
37 -14 417 216 -294 2 
300 15 378 235 -250 -45 
30 9 363 222 -250 114 
51 -1 356 156 -250 173 
31 12 431 194 -251 199 
74 15 380 248 -279 195 
55 -7 450 197 -269 169 
82 -8 378 227 -252 157 
75 -11 416 180 -275 198 
58 15 362 245 -296 135 
65 5 366 220 -283 188 
88 -6 370 186 -261 194 
30 -11 439 208 -259 73 
102 -15 352 208 -285 159 
44 -15 424 158 -257 121 
88 -6 370 186 -262 194 
30 -13 447 167 -252 154 
37 -15 445 246 -251 150 
43 -15 424 158 -257 121 
31 13 366 188 -256 181 
38 15 398 182 -256 200 
62 -15 393 249 -252 35 
58 15 362 244 -296 135 
53 0 373 186 -278 173 
61 -11 366 229 -293 66 
86 -13 426 207 -264 200 
58 -15 357 225 -296 60 
31 15 395 231 -252 -44 
63 9 436 224 -251 200 
45 4 380 227 -299 109 
36 -14 418 237 -253 136 
88 -5 370 186 -262 194 
53 7 413 220 -271 150 
56 -12 427 178 -252 195 
55 -15 366 188 -267 160 
51 13 412 247 -275 160 
74 15 380 248 -279 194 
53 1 373 186 -278 173 
285 6 446 249 -251 -58 
59 15 362 244 -296 135 
64 -7 438 245 -292 199 
30 -11 443 250 -289 57 
75 15 380 248 -279 194 
96 7 418 209 -280 -32 
72 -14 355 250 -283 44 
38 -11 415 249 -275 90 
57 -10 350 235 -251 143 
98 -15 354 239 -270 200 
33 -14 409 151 -250 121 
33 -12 409 215 -256 190 
36 10 359 247 -298 64 
33 -13 409 150 -250 120 
87 -13 417 204 -300 198 
54 2 373 186 -278 173 
33 -11 408 215 -256 189 
30 -13 422 246 -270 65 
52 -9 361 227 -279 151 
57 -7 384 223 -297 127 
43 1 357 249 -250 197 
39 15 424 249 -296 132 
92 -12 350 232 -258 105 
32 -12 427 203 -285 181 
79 -15 365 216 -251 98 
30 -15 430 197 -292 182 
80 -15 368 213 -252 100 
107 -12 393 220 -251 200 
294 15 420 225 -252 -97 
61 -14 361 202 -275 124 
47 15 383 223 -252 198 
30 5 359 234 -272 140 
43 -15 424 158 -258 121 
54 2 373 186 -279 173 
33 15 449 211 -250 -22 
87 1 441 228 -285 -58 
59 15 362 244 -297 135 
54 3 373 186 -279 173 
32 -15 449 196 -258 177 
75 15 379 248 -279 194 
54 3 373 186 -279 172 
60 15 362 244 -297 135 
46 -14 429 199 -285 123 
75 15 379 248 -280 194 
291 13 449 205 -250 -110 
30 -14 361 233 -274 37 
50 -14 382 184 -282 111 
46 -13 428 199 -285 122 
300 12 388 227 -274 -32 
78 -15 444 210 -256 194 
30 -8 444 215 -291 200 
290 12 449 205 -250 -109 
30 6 402 161 -268 169 
39 -15 370 238 -250 154 
75 15 379 247 -280 194 
290 11 449 205 -250 -109 
31 -15 404 197 -298 184 
33 10 395 203 -252 152 
290 10 449 206 -250 -109 
132 -15 384 239 -268 197 
55 -15 382 180 -300 159 
39 -14 411 222 -292 99 
47 5 353 247 -250 84 
290 9 449 207 -250 -109 
80 -1 358 250 -275 131 
30 -12 395 213 -291 -34 
30 -15 363 200 -272 90 
51 -14 389 187 -250 196 
39 -15 440 174 -263 199 
47 6 433 245 -259 129 
289 8 449 207 -250 -109 
128 14 421 237 -278 -48 
80 -15 379 176 -282 200 
32 15 449 208 -294 163 
298 15 448 248 -265 -115 
294 13 431 250 -269 -85 
30 12 432 232 -257 130 
76 15 379 247 -280 194 
47 6 432 245 -259 128 
59 1 350 185 -263 199 
88 -2 360 250 -250 115 
67 -14 362 226 -266 86 
59 1 350 184 -263 198 
30 14 417 212 -257 197 
31 15 352 219 -252 -39 
56 -14 371 140 -251 158 
67 -13 361 225 -266 85 
43 -12 354 249 -260 116 
46 0 365 215 -266 166 
38 -15 440 174 -263 199 
39 -14 440 174 -263 199 
52 5 431 249 -265 111 
91 -10 379 205 -300 199 
35 2 378 200 -251 181 
292 12 380 226 -300 -8 
105 -14 383 207 -266 199 
30 11 354 244 -300 91 
205 -5 429 234 -299 -21 
31 -13 431 172 -262 132 
259 -15 356 111 -287 9 
31 -15 449 196 -258 177 
98 -9 391 239 -291 200 
30 12 443 233 -265 164 
79 -15 381 227 -269 198 
81 -13 353 233 -283 127 
98 -8 390 238 -291 199 
56 -15 425 230 -285 174 
78 -7 418 218 -298 150 
66 -14 358 247 -280 14 
71 -1 357 222 -300 151 
56 -15 424 230 -285 173 
80 15 406 223 -256 -34 
30 -2 415 232 -250 151 
30 -15 438 247 -300 168 
38 7 351 250 -255 139 
66 -13 357 246 -280 14 
31 -12 392 250 -277 37 
30 -2 414 232 -250 150 
30 -14 438 246 -300 167 
268 13 394 248 -251 -90 
95 -15 353 101 -300 -1 
31 -11 392 249 -277 37 
30 -14 437 247 -300 167 
253 -15 371 250 -284 -75 
52 13 394 250 -274 150 
30 -14 351 197 -295 172 
55 -12 418 243 -273 185 
68 -14 426 177 -253 176 
45 -11 450 233 -269 189 
31 -11 392 250 -277 37 
30 -13 351 200 -252 61 
30 -14 438 247 -300 167 
59 -15 419 229 -295 114 
30 -13 351 199 -251 61 
39 9 413 212 -293 124 
102 -15 365 224 -288 130 
37 13 423 250 -281 160 
39 9 412 211 -293 123 
46 -15 419 216 -252 156 
45 12 385 245 -296 157 
88 -14 381 204 -297 148 
288 15 431 238 -263 -56 
69 3 366 233 -250 131 
54 -3 388 250 -278 89 
59 -15 382 235 -264 94 
67 3 401 244 -263 133 
44 14 425 196 -280 185 
76 15 379 247 -281 194 
31 -1 363 187 -274 89 
62 -1 431 240 -295 116 
34 -13 420 217 -272 127 
52 -7 393 210 -264 149 
70 -9 376 240 -275 195 
77 15 379 247 -281 194 
47 7 432 245 -259 128 
76 -15 358 209 -273 133 
68 -1 423 236 -300 171 
73 -7 417 243 -272 176 
32 -11 428 221 -251 135 
298 14 405 250 -267 -119 
38 15 449 198 -272 183 
226 -9 377 206 -283 -51 
66 -2 375 227 -268 145 
76 -7 402 248 -252 195 
33 15 352 223 -299 152 
66 -1 374 226 -268 144 
51 -13 431 226 -265 200 
61 -14 350 174 -280 152 
58 -7 422 172 -275 200 
56 -11 431 228 -252 128 
69 -5 407 210 -250 143 
298 13 396 246 -267 -49 
49 -9 399 180 -300 179 
31 -13 365 246 -279 93 
77 8 398 241 -251 178 
48 7 432 245 -259 128 
80 -15 371 199 -281 131 
30 -15 427 202 -281 130 
45 12 387 221 -299 -51 
55 13 370 233 -252 175 
67 -8 450 247 -298 138 
119 -13 383 228 -299 192 
51 15 403 230 -298 183 
50 6 446 226 -275 178 
42 -6 384 200 -273 90 
54 -7 351 176 -255 188 
40 1 360 177 -255 153 
77 15 379 247 -281 193 
233 -9 428 118 -272 -8 
48 -13 416 201 -271 165 
66 0 374 226 -268 144 
59 -13 396 226 -252 174 
281 -1 363 223 -277 -32 
55 -7 375 185 -270 121 
39 -11 397 171 -255 144 
67 0 374 226 -268 144 
41 10 350 216 -259 180 
61 1 356 238 -259 100 
264 15 448 242 -255 -58 
36 9 421 192 -251 171 
87 -13 392 208 -280 187 
108 -15 417 229 -280 160 
65 2 381 216 -261 177 
48 7 432 245 -260 128 
36 9 420 191 -251 170 
30 3 406 239 -297 165 
30 -9 438 243 -289 101 
145 12 449 97 -298 -23 
44 -14 431 208 -285 102 
60 14 384 241 -265 159 
43 0 388 250 -299 129 
78 15 379 247 -281 193 
48 8 432 245 -260 128 
39 -7 450 244 -277 96 
108 -15 376 224 -264 195 
34 -3 412 192 -274 178 
216 -15 446 250 -300 -27 
50 -6 437 201 -290 165 
30 -10 373 188 -259 175 
78 15 379 247 -282 193 
54 -7 448 175 -268 162 
215 14 424 196 -252 -24 
62 -5 421 204 -264 150 
62 0 450 203 -286 187 
31 -15 449 196 -259 177 
42 -14 447 235 -281 67 
47 11 369 209 -288 157 
73 -15 388 219 -298 181 
59 13 406 246 -299 157 
201 14 370 119 -290 -19 
85 -9 354 198 -256 197 
33 -15 431 197 -265 168 
44 1 391 192 -265 173 
70 -11 384 221 -275 114 
59 6 412 194 -271 183 
56 -5 360 208 -299 112 
88 -5 397 246 -289 163 
101 -10 436 228 -279 196 
252 -3 426 238 -253 -63 
54 -15 374 220 -261 71 
61 -15 400 174 -282 133 
37 -14 388 149 -260 162 
36 10 420 191 -251 170 
34 -15 426 144 -250 179 
45 -14 449 216 -300 86 
49 -12 395 235 -283 41 
49 8 432 245 -260 128 
68 -11 391 227 -281 133 
76 -1 417 219 -265 -40 
46 4 416 222 -281 126 
75 12 392 235 -274 180 
38 -15 440 174 -264 199 
128 4 362 236 -288 -19 
39 -14 440 174 -264 199 
30 12 437 224 -280 138 
160 -10 371 104 -295 8 
79 15 379 247 -282 193 
30 -14 360 217 -252 104 
157 7 411 233 -293 -78 
62 -12 387 242 -289 94 
265 15 448 219 -266 -28 
271 15 407 248 -250 -60 
277 7 404 201 -268 -30 
98 -14 403 245 -279 187 
37 10 420 191 -251 170 
281 -6 404 228 -296 -34 
44 -1 398 223 -255 88 
49 9 432 245 -260 128 
37 10 420 191 -252 170 
56 3 446 221 -277 -58 
266 15 428 192 -250 -61 
31 -14 421 185 -255 161 
33 -11 387 185 -250 184 
91 -12 405 232 -300 144 
74 -6 352 240 -273 115 
30 15 443 215 -254 187 
91 -11 404 231 -300 143 
79 15 379 247 -283 193 
76 -10 425 205 -268 183 
49 0 401 237 -276 191 
31 -11 392 250 -278 37 
61 -15 421 181 -250 142 
31 -12 392 250 -278 37 
37 11 420 191 -252 170 
72 -12 392 200 -284 138 
31 -11 392 249 -278 37 
91 -10 404 231 -300 143 
59 -11 360 249 -269 145 
41 -11 417 197 -300 112 
92 -10 404 231 -300 143 
36 -4 383 164 -272 126 
45 -2 407 203 -300 190 
33 3 350 197 -300 195 
30 7 422 229 -300 88 
56 -11 431 229 -252 128 
49 9 432 245 -260 127 
59 -12 404 200 -279 146 
78 -14 442 205 -260 139 
79 15 378 247 -283 193 
101 -9 397 230 -286 186 
59 -11 403 199 -279 145 
32 13 385 239 -298 113 
49 9 432 245 -261 127 
101 -8 396 229 -286 185 
38 6 387 238 -266 -74 
283 10 418 196 -250 -47 
78 -15 382 196 -273 116 
60 -9 425 250 -278 166 
114 -10 381 242 -260 195 
151 13 353 210 -283 -29 
46 12 373 248 -299 107 
45 -4 351 228 -265 102 
34 14 406 208 -252 182 
37 -3 383 238 -258 117 
48 -14 435 215 -283 196 
191 3 382 215 -281 -29 
48 -13 434 215 -283 195 
41 2 399 211 -268 90 
32 -13 385 221 -291 178 
55 14 356 249 -250 158 
82 -14 373 220 -256 117 
41 -3 384 206 -277 172 
80 15 378 247 -283 193 
49 10 432 245 -261 127 
37 -14 412 188 -281 112 
55 14 355 248 -250 157 
117 -1 350 227 -262 -60 
56 12 371 198 -270 199 
50 10 432 245 -261 127 
37 -13 411 188 -281 111 
61 -1 416 231 -281 187 
44 6 449 250 -268 115 
48 -11 352 213 -253 29 
30 -11 353 241 -272 157 
80 15 378 247 -283 192 
91 2 420 240 -287 -60 
89 -15 373 219 -270 148 
31 0 400 190 -297 194 
40 -4 397 210 -300 158 
49 -13 450 232 -271 136 
86 -11 398 232 -251 155 
37 12 420 191 -252 170 
40 -3 396 209 -300 157 
67 14 364 242 -254 186 
79 -13 350 207 -295 -54 
58 0 423 247 -250 130 
165 15 350 219 -253 -40 
69 -14 400 227 -270 76 
46 -15 436 249 -290 60 
56 -11 430 229 -252 128 
50 -11 376 161 -279 196 
49 -7 351 250 -254 47 
50 -10 375 161 -279 195 
41 12 410 197 -252 199 
179 -8 350 202 -250 -40 
59 -11 405 219 -279 200 
38 12 420 191 -252 170 
49 -10 381 169 -250 156 
38 12 420 191 -253 170 
85 0 351 242 -300 160 
80 2 421 233 -250 170 
43 -15 424 158 -259 121 
80 15 378 247 -284 192 
54 -2 424 234 -300 98 
50 -10 375 160 -279 195 
55 -15 366 242 -255 175 
91 -15 450 216 -263 178 
186 12 425 198 -265 -26 
44 -1 375 154 -250 185 
54 -1 423 233 -300 97 
69 -6 394 218 -267 156 
87 -6 404 208 -294 178 
59 -8 409 247 -254 197 
56 -5 363 240 -299 132 
31 -15 449 196 -260 177 
50 10 431 245 -261 127 
31 -12 391 250 -278 37 
93 -15 350 235 -285 188 
32 -15 390 210 -292 125 
50 11 431 245 -261 127 
31 -11 391 249 -278 36 
30 -12 450 237 -271 145 
31 -11 391 250 -278 36 
41 -7 376 223 -250 122 
31 -12 391 250 -278 36 
56 -12 422 238 -285 132 
56 -12 421 238 -285 131 
275 14 427 215 -250 -136 
81 15 378 247 -284 192 
60 -11 382 211 -278 159 
60 -10 381 210 -278 158 
61 5 437 231 -275 155 
51 -1 436 234 -280 150 
63 -14 384 238 -251 156 
38 13 420 191 -253 170 
30 4 403 222 -271 72 
30 -1 428 158 -271 176 
57 7 413 249 -280 177 
50 11 431 245 -262 127 
51 11 431 245 -262 127 
74 -9 399 196 -252 176 
267 13 416 227 -259 -71 
57 0 416 206 -298 171 
36 12 448 229 -250 123 
69 -14 437 245 -290 83 
81 7 378 243 -253 159 
46 -8 395 250 -251 62 
38 13 420 191 -253 169 
60 -9 381 210 -278 158 
59 -5 413 192 -292 200 
104 -15 366 250 -265 187 
38 -8 390 229 -268 172 
69 15 429 249 -286 183 
38 -15 354 216 -280 196 
48 -14 375 172 -300 191 
51 2 351 178 -264 -10 
109 -11 351 229 -293 186 
109 -15 401 248 -271 163 
56 -11 430 229 -252 127 
61 -9 381 210 -278 158 
30 15 450 245 -259 187 
44 9 400 229 -254 113 
75 -3 391 207 -268 181 
77 -11 381 228 -300 105 
61 -8 381 210 -278 158 
39 8 421 250 -279 139 
48 -3 367 249 -257 29 
39 -15 440 174 -264 199 
39 8 420 249 -279 138 
43 5 400 178 -263 154 
270 1 378 212 -270 -26 
36 13 373 195 -282 182 
37 10 392 250 -251 181 
56 -11 430 229 -253 127 
81 15 378 247 -285 192 
39 13 420 191 -253 169 
33 -1 375 208 -285 71 
37 -8 389 181 -289 145 
46 -14 387 233 -257 25 
289 13 374 239 -250 -26 
33 0 374 207 -285 70 
109 -14 403 229 -270 180 
52 -6 369 190 -279 169 
39 -14 440 174 -265 199 
39 14 420 191 -253 169 
62 -8 381 210 -279 158 
78 -15 411 181 -255 196 
39 -15 440 174 -265 199 
62 -7 381 210 -279 158 
52 2 377 221 -265 -47 
39 -14 440 173 -265 199 
39 14 420 191 -254 169 
52 0 355 180 -257 141 
162 -10 434 226 -300 -10 
44 -1 439 249 -273 170 
46 -13 395 242 -252 121 
59 2 372 241 -273 -54 
258 15 377 249 -292 -39 
35 -14 417 225 -286 64 
39 -15 440 173 -265 199 
105 -10 352 250 -251 171 
52 0 354 179 -257 140 
102 -12 435 249 -299 189 
132 -13 367 202 -271 -33 
72 -3 414 245 -289 183 
105 -9 351 249 -251 170 
37 4 400 250 -294 64 
53 -11 432 248 -259 171 
246 14 450 214 -252 -77 
57 -15 422 243 -255 100 
31 -14 381 210 -277 98 
31 -11 391 249 -279 36 
72 -10 351 248 -274 178 
30 -15 449 196 -260 177 
31 -11 391 250 -279 36 
70 -15 359 199 -250 182 
105 -8 351 249 -251 170 
31 -12 391 250 -279 36 
62 -6 381 210 -279 158 
48 -7 364 214 -279 -36 
47 -8 363 234 -299 172 
106 -8 351 249 -251 170 
63 -6 381 210 -279 158 
34 0 374 207 -285 70 
33 -14 427 240 -297 80 
35 -3 393 204 -288 78 
45 8 369 212 -298 200 
106 -8 351 249 -252 170 
95 -14 450 220 -268 156 
49 -9 394 223 -297 92 
106 -7 351 249 -252 170 
63 -6 381 210 -280 158 
44 -11 387 213 -297 72 
60 -13 446 248 -278 139 
57 6 450 238 -262 199 
47 1 430 192 -262 183 
81 -13 396 248 -295 198 
44 -10 386 212 -297 71 
74 -14 432 192 -297 179 
222 15 427 209 -296 9 
63 -5 381 210 -280 158 
47 1 429 191 -262 182 
74 -4 350 243 -300 198 
63 -5 381 210 -280 157 
77 -3 362 73 -298 24 
56 -12 430 229 -253 127 
107 -6 351 249 -252 170 
39 15 420 191 -254 169 
36 14 432 229 -259 187 
31 10 427 182 -277 184 
44 -15 409 233 -296 57 
87 -14 402 204 -273 135 
116 -11 367 241 -283 180 
64 -5 381 210 -280 157 
44 -14 408 233 -296 56 
39 -10 450 205 -290 134 
107 -6 351 249 -253 170 
32 15 428 243 -288 182 
34 -12 383 190 -261 146 
40 5 449 221 -265 109 
39 12 390 228 -250 99 
139 -9 381 226 -299 -58 
32 15 427 242 -288 181 
107 -5 351 249 -253 170 
39 15 419 191 -254 169 
64 -4 381 210 -280 157 
165 -15 434 205 -293 -23 
297 14 422 198 -253 -74 
108 -5 351 249 -253 170 
64 -4 380 210 -280 157 
32 4 447 197 -296 153 
36 -13 419 209 -282 75 
40 15 419 191 -254 169 
55 -7 382 201 -254 87 
42 -4 447 191 -285 157 
40 -4 402 220 -264 160 
94 -15 365 232 -265 157 
52 -13 419 249 -281 112 
31 6 359 241 -283 -59 
49 -14 371 210 -260 178 
33 -11 350 193 -257 91 
64 -4 380 210 -281 157 
300 -15 387 211 -282 -31 
108 -4 351 248 -253 169 
61 -2 421 225 -271 121 
46 7 384 204 -272 125 
242 8 388 204 -281 -17 
65 -4 380 210 -281 157 
87 -5 425 221 -269 171 
59 15 359 250 -269 200 
61 -1 420 224 -271 120 
67 -14 422 239 -299 200 
30 -15 449 196 -261 177 
108 -4 351 248 -254 169 
65 -3 380 210 -281 157 
34 15 411 225 -287 190 
71 -15 425 241 -282 187 
62 -6 433 207 -273 162 
41 1 365 222 -278 183 
34 15 410 224 -287 189 
56 -15 355 213 -267 92 
109 -4 351 248 -254 169 
62 -5 432 206 -273 161 
48 -2 393 231 -264 200 
90 -4 369 123 -300 -20 
298 13 356 208 -256 -35 
43 4 366 195 -252 144 
109 -3 351 248 -254 169 
40 15 419 191 -255 169 
45 3 359 213 -250 -41 
31 -14 424 242 -255 90 
56 13 376 227 -266 143 
31 -9 354 223 -276 98 
31 -8 353 223 -276 97 
40 15 411 227 -262 187 
65 -2 380 210 -281 157 
40 -6 380 216 -269 146 
91 -15 426 240 -271 130 
103 -15 421 231 -283 188 
40 -5 379 216 -269 145 
42 -11 409 210 -255 141 
46 0 385 231 -268 66 
109 -2 351 248 -254 169 
66 -2 380 210 -282 157 
70 -3 365 217 -250 187 
98 -15 393 229 -267 200 
30 -15 448 196 -261 177 
39 -15 440 173 -265 198 
74 -12 420 228 -277 103 
109 -2 351 248 -255 169 
40 15 419 190 -255 169 
69 0 424 207 -281 187 
39 -14 440 173 -265 198 
110 -2 351 248 -255 169 
35 -5 352 238 -253 -47 
38 -14 428 234 -272 81 
40 13 358 219 -250 166 
32 -12 375 182 -278 144 
291 -14 391 222 -266 -47 
40 13 357 218 -250 165 
50 12 357 223 -258 137 
57 6 398 220 -255 183 
66 -1 380 210 -282 157 
65 -5 381 223 -286 184 
48 -14 438 192 -300 115 
84 -13 431 238 -284 143 
110 -1 350 248 -255 169 
243 -5 352 208 -280 -45 
45 -15 388 141 -254 197 
31 10 392 227 -299 184 
65 -3 379 187 -285 188 
55 -3 430 226 -297 174 
58 -4 391 235 -278 172 
286 15 374 190 -250 -73 
36 0 401 238 -261 175 
140 5 411 232 -260 -61 
54 -3 427 233 -266 178 
31 10 391 226 -299 183 
105 -13 384 245 -274 142 
43 -7 450 241 -299 172 
292 8 421 175 -250 -39 
195 -12 445 218 -270 -24 
111 -1 350 248 -255 169 
66 -1 380 210 -282 156 
56 -10 435 232 -270 118 
31 -12 403 240 -299 138 
47 -3 435 174 -253 174 
67 -1 380 210 -282 156 
84 -4 411 217 -260 183 
51 -13 450 189 -280 142 
33 -10 413 143 -259 198 
84 -3 410 216 -260 182 
73 -12 382 232 -295 137 
32 -12 391 250 -279 36 
67 0 380 210 -282 156 
282 14 422 249 -258 -127 
73 -11 381 231 -295 136 
258 -4 432 231 -288 -33 
56 3 390 196 -285 198 
32 -11 391 249 -279 36 
280 10 422 250 -258 -126 
37 -14 381 233 -273 107 
32 -15 361 243 -267 128 
95 -14 432 250 -251 158 
32 -11 391 250 -279 36 
67 0 380 210 -283 156 
39 -7 363 246 -300 89 
41 0 446 174 -271 152 
101 -13 415 207 -252 178 
36 12 381 193 -250 158 
39 -6 363 245 -300 88 
36 12 380 192 -250 157 
95 -14 368 217 -254 132 
57 10 357 250 -270 153 
97 -7 374 248 -279 191 
103 -13 410 229 -294 172 
84 -2 410 216 -260 182 
57 10 356 249 -270 152 
48 12 390 238 -300 192 
31 -14 447 242 -268 107 
37 5 430 216 -297 177 
31 -14 446 242 -268 106 
42 -12 357 247 -291 37 
68 0 380 210 -283 156 
95 -15 350 242 -280 112 
45 1 377 196 -264 101 
68 0 379 210 -283 156 
85 -2 410 216 -260 182 
71 -14 398 241 -264 135 
32 15 434 245 -270 134 
280 12 437 238 -250 -75 
39 -15 440 173 -266 198 
32 -15 433 214 -299 173 
43 -15 423 158 -259 121 
39 -14 440 173 -266 198 
32 -11 391 250 -280 36 
85 -2 410 216 -261 182 
289 12 428 239 -251 -112 
37 4 431 223 -250 151 
32 -12 391 250 -280 36 
45 1 375 248 -283 120 
32 -11 391 249 -280 36 
85 -1 410 216 -261 182 
57 11 356 249 -270 152 
99 0 382 245 -256 189 
62 -10 385 219 -250 186 
68 1 379 210 -283 156 
30 -14 405 209 -263 66 
41 5 369 226 -291 140 
79 -11 369 235 -299 197 
72 -11 355 202 -281 167 
68 1 379 210 -284 156 
82 -2 401 227 -277 186 
82 -1 400 226 -277 185 
125 -10 352 246 -287 180 
41 2 384 201 -290 190 
63 -10 369 240 -270 52 
69 1 379 210 -284 156 
72 -13 417 231 -271 149 
125 -14 381 226 -254 192 
47 -1 381 209 -298 128 
37 -13 448 175 -299 129 
53 -14 399 215 -294 143 
96 -14 350 250 -266 91 
291 13 424 184 -250 -21 
86 -1 410 216 -261 182 
74 -12 350 169 -254 148 
59 -14 387 182 -276 96 
57 15 376 211 -272 178 
80 -12 394 243 -263 169 
69 2 379 210 -284 156 
86 0 410 216 -261 182 
80 -12 385 244 -253 140 
82 -15 438 212 -281 199 
30 -4 367 208 -267 113 
48 -8 371 186 -276 96 
82 0 400 226 -277 185 
178 -5 351 250 -283 -53 
95 -12 429 226 -286 174 
44 -6 432 177 -275 175 
34 -12 354 225 -274 177 
76 12 350 222 -250 200 
67 -7 450 233 -279 197 
30 -15 445 227 -253 73 
83 0 400 226 -277 185 
82 -14 437 190 -276 180 
212 13 412 194 -272 -35 
86 0 410 216 -262 182 
65 -13 390 222 -289 163 
47 -7 355 220 -271 124 
42 -7 356 214 -268 119 
97 -8 380 218 -272 170 
70 2 379 210 -284 156 
94 -8 449 249 -281 183 
30 -15 448 196 -262 177 
70 3 379 210 -284 156 
83 0 400 226 -278 185 
79 8 373 228 -253 175 
93 6 356 198 -261 -2 
70 3 379 210 -285 155 
30 -13 352 231 -252 44 
44 7 413 197 -280 166 
89 -13 403 193 -282 191 
68 2 424 194 -269 199 
43 -15 423 158 -260 121 
89 -12 402 192 -282 190 
47 -10 374 192 -275 149 
56 -12 430 229 -254 127 
47 1 401 181 -282 151 
45 7 352 228 -277 165 
37 -14 359 244 -251 183 
30 -9 393 245 -254 153 
47 -14 378 176 -255 112 
84 0 400 226 -278 185 
44 -4 436 233 -265 165 
44 0 436 250 -299 96 
47 -13 377 176 -255 111 
33 3 367 249 -274 23 
47 -13 377 175 -255 111 
89 -11 402 192 -282 190 
32 8 374 246 -300 189 
93 -15 373 250 -299 181 
47 -15 422 224 -297 146 
40 -6 418 155 -253 137 
39 7 449 249 -278 196 
58 -7 398 210 -287 180 
32 8 373 246 -300 188 
124 -15 367 246 -262 168 
95 -8 357 217 -269 162 
61 -2 362 205 -266 171 
32 -12 416 223 -300 171 
39 6 448 249 -278 195 
66 -11 391 236 -256 73 
48 14 410 191 -266 -9 
90 -11 402 192 -282 190 
76 -14 351 205 -255 106 
74 -1 444 247 -251 135 
30 -1 371 195 -259 126 
31 -13 387 239 -259 7 
38 -14 428 187 -298 200 
37 9 364 234 -251 94 
90 -11 402 192 -283 190 
49 -14 428 195 -282 143 
94 -6 399 197 -282 -14 
61 -12 391 187 -284 150 
90 -10 402 192 -283 190 
67 -7 401 226 -257 113 
76 -15 355 226 -300 134 
45 3 354 236 -280 190 
47 -12 386 242 -276 144 
47 -12 377 175 -255 111 
72 -7 443 229 -285 166 
59 -14 373 249 -253 39 
74 15 434 193 -257 -21 
38 9 357 230 -265 120 
56 -14 354 236 -296 95 
64 -15 446 193 -293 134 
62 0 367 233 -258 184 
182 -13 427 222 -268 -44 
120 -14 354 217 -300 -30 
56 4 411 232 -300 172 
296 10 386 227 -261 -51 
45 -15 379 239 -282 -77 
91 -10 402 192 -283 190 
64 -5 351 164 -251 199 
33 3 430 207 -270 142 
97 -9 403 223 -273 167 
33 11 406 232 -280 106 
77 -14 435 182 -259 187 
48 -12 377 175 -255 111 
91 -9 402 192 -283 190 
44 -11 352 168 -276 156 
31 2 372 182 -274 110 
62 -1 447 184 -254 187 
99 -13 434 248 -274 158 
60 -14 397 195 -251 102 
66 -13 362 241 -252 129 
48 -11 377 175 -255 111 
37 -11 353 223 -287 117 
50 -11 417 175 -268 187 
31 13 368 224 -280 148 
49 -11 372 236 -254 63 
81 -15 418 217 -273 158 
47 3 402 167 -261 175 
50 3 419 210 -251 141 
30 -12 355 190 -293 152 
41 -12 363 247 -279 112 
85 -15 408 250 -260 128 
39 -7 379 249 -276 47 
58 -12 395 155 -276 200 
57 -14 429 175 -285 121 
52 -15 392 180 -267 82 
284 13 413 211 -256 -94 
52 1 358 194 -270 -31 
48 11 367 250 -262 85 
30 11 378 249 -289 153 
52 -15 353 175 -266 135 
65 -4 350 247 -280 92 
48 -10 377 175 -255 111 
299 14 408 231 -273 -67 
53 -13 374 199 -269 110 
30 11 377 248 -289 152 
48 -10 377 175 -256 111 
30 -14 368 214 -265 149 
80 -13 352 183 -265 199 
30 -13 368 213 -265 148 
49 -10 377 175 -256 111 
80 -12 351 183 -265 198 
279 15 363 233 -252 -57 
107 -2 417 250 -254 200 
46 5 425 224 -293 159 
58 0 405 240 -299 135 
284 -14 370 244 -263 -65 
30 -10 388 248 -271 112 
49 -9 377 175 -256 111 
80 -11 351 183 -265 198 
49 8 446 211 -293 175 
34 -9 416 238 -266 101 
172 -14 429 237 -287 -32 
137 -13 406 203 -273 200 
58 -11 360 216 -277 197 
65 -14 370 176 -275 135 
31 12 429 237 -296 197 
211 -14 430 103 -282 -12 
81 -11 351 183 -265 198 
65 12 366 249 -266 174 
46 12 357 202 -278 197 
192 -15 427 246 -300 -38 
32 -12 391 250 -281 36 
30 -15 392 142 -254 180 
32 -11 391 249 -281 36 
62 -7 354 239 -250 165 
32 -11 391 250 -281 36 
110 -12 369 221 -287 172 
36 13 350 223 -272 104 
64 13 409 233 -274 192 
31 -14 446 242 -269 106 
81 -10 351 183 -265 198 
64 -15 431 181 -300 168 
33 15 353 223 -251 141 
73 5 372 245 -261 196 
42 -11 423 247 -251 -47 
49 -9 377 175 -257 111 
35 -14 446 231 -256 199 
34 -15 440 228 -270 118 
60 -14 402 200 -276 93 
50 -8 377 175 -257 111 
295 13 419 159 -250 14 
151 -15 354 204 -268 -37 
43 -13 446 198 -279 196 
48 -15 396 217 -284 118 
82 -10 351 183 -266 198 
44 -11 427 234 -282 109 
99 -13 447 225 -291 178 
33 15 403 250 -290 187 
53 15 384 243 -258 185 
62 -14 377 217 -263 121 
40 -10 406 206 -252 176 
50 11 352 200 -261 175 
84 -15 437 227 -267 186 
82 -9 351 183 -266 198 
96 3 408 200 -262 -24 
69 -11 433 206 -278 125 
50 -8 377 175 -257 110 
49 -12 446 187 -260 97 
40 -13 398 203 -267 113 
52 14 450 221 -255 178 
33 12 372 242 -261 187 
50 -7 377 175 -257 110 
267 7 445 235 -299 -62 
104 -3 352 247 -275 168 
240 13 426 225 -283 -34 
59 -14 448 208 -273 199 
49 -15 404 187 -263 163 
30 -15 448 196 -263 177 
43 -15 350 249 -270 139 
42 -5 365 178 -250 180 
47 -13 426 187 -268 152 
30 -14 448 196 -263 177 
83 -9 351 183 -266 198 
239 15 449 210 -250 -34 
115 -15 351 223 -266 173 
34 -15 450 175 -269 177 
51 -7 377 174 -258 110 
83 -8 351 183 -266 197 
169 1 442 249 -279 -46 
108 -3 430 247 -286 200 
49 -14 353 191 -250 77 
30 -12 432 233 -299 196 
38 -15 412 169 -269 112 
51 -6 377 174 -258 110 
32 15 403 244 -274 118 
33 -10 441 192 -260 200 
83 -8 351 183 -267 197 
81 -14 364 243 -271 200 
42 1 353 201 -288 129 
87 0 405 230 -268 -36 
175 3 384 232 -282 -21 
64 -15 445 229 -284 106 
57 2 369 225 -273 99 
83 -7 351 183 -267 197 
39 14 407 234 -261 158 
32 -14 391 184 -271 163 
236 -15 351 222 -285 -61 
57 2 368 224 -273 98 
84 -7 351 183 -267 197 
48 -4 362 247 -258 160 
62 -15 450 166 -283 191 
76 -11 376 190 -280 178 
64 7 404 217 -268 166 
54 -15 427 176 -262 118 
34 10 400 246 -286 146 
47 -8 405 187 -299 131 
62 -14 449 165 -283 190 
39 14 445 249 -287 168 
103 -15 375 218 -258 146 
95 -15 359 225 -282 148 
127 -15 415 248 -268 199 
297 14 405 245 -252 -110 
47 -7 404 186 -299 130 
77 -15 415 247 -281 106 
150 -15 387 245 -281 -31 
84 -7 350 183 -267 197 
31 14 397 189 -276 197 
75 -15 443 221 -278 154 
84 -6 350 183 -267 197 
30 14 388 190 -277 174 
74 0 422 249 -267 127 
57 3 368 224 -273 98 
43 -13 385 148 -250 119 
34 -1 395 237 -252 35 
30 -15 449 191 -272 163 
84 -6 350 183 -268 197 
48 -6 391 234 -296 168 
76 -15 444 235 -253 116 
30 10 370 228 -288 81 
51 12 398 234 -251 168 
48 -5 390 234 -296 167 
63 -15 390 186 -253 142 
30 -10 377 232 -266 51 
63 -14 389 185 -253 141 
45 -12 407 241 -274 17 
60 1 352 226 -250 179 
39 -15 351 250 -262 166 
54 -14 403 246 -272 95 
43 -15 423 159 -260 121 
45 -11 406 241 -274 16 
60 1 351 225 -250 178 
288 14 387 250 -255 -130 
31 3 395 249 -288 41 
39 -14 440 173 -267 198 
32 -12 391 250 -281 35 
74 -15 384 249 -297 61 
30 -4 447 145 -265 172 
87 15 384 128 -290 -36 
32 -11 391 249 -281 35 
74 -14 383 248 -297 60 
44 15 447 247 -267 156 
34 -15 448 160 -259 200 
44 3 399 250 -255 95 
32 -11 391 250 -281 35 
44 15 446 246 -267 155 
33 -13 356 205 -277 59 
34 2 449 198 -287 187 
61 2 442 199 -266 199 
74 -13 383 248 -297 60 
37 -10 407 230 -263 118 
264 14 379 228 -300 -55 
56 -12 430 229 -255 127 
75 -13 383 248 -297 60 
56 -12 430 230 -255 127 
54 -13 353 161 -252 122 
33 -10 368 209 -251 196 
50 -12 393 249 -293 110 
30 5 408 180 -278 123 
75 -13 383 248 -298 60 
108 -4 412 184 -259 -17 
287 13 447 250 -273 -82 
31 -12 385 166 -251 166 
30 5 407 179 -278 122 
278 10 429 194 -250 -109 
284 15 432 216 -250 -42 
72 -13 399 243 -283 134 
283 13 432 216 -250 -41 
264 -4 360 217 -284 13 
36 -10 409 178 -269 129 
60 -15 368 216 -267 149 
48 -10 419 225 -277 146 
282 11 432 218 -250 -41 
54 9 359 247 -283 120 
282 10 432 219 -250 -41 
65 -15 358 219 -282 143 
54 9 358 246 -283 119 
74 -7 434 102 -294 -2 
133 -5 401 193 -254 200 
298 11 351 238 -250 -138 
43 -14 395 226 -300 119 
35 -15 380 234 -277 19 
62 -15 450 200 -257 196 
62 -5 354 223 -291 111 
31 -1 427 163 -283 161 
30 -11 369 212 -287 113 
297 10 351 238 -250 -137 
30 -1 442 248 -250 140 
34 3 372 180 -252 120 
80 -7 350 232 -278 177 
297 9 351 239 -250 -137 
31 -15 380 238 -296 36 
107 4 447 187 -261 4 
43 14 363 248 -265 134 
297 8 351 240 -250 -137 
30 -15 379 238 -295 36 
45 -10 406 241 -274 16 
45 -11 369 239 -258 122 
101 -13 450 243 -284 161 
48 -14 367 245 -295 76 
32 -12 391 250 -282 35 
52 -15 433 233 -294 85 
32 -11 391 249 -282 35 
52 -14 432 233 -294 84 
297 12 407 210 -261 -84 
