30 -7 397 246 -265 41 
30 -7 396 246 -265 40 
50 -2 423 158 -257 187 
298 9 407 205 -276 -8 
300 8 364 189 -252 -50 
300 8 364 190 -252 -50 
300 8 364 190 -251 -50 
300 8 364 190 -251 -49 
106 5 395 110 -300 -6 
30 -7 396 246 -266 40 
300 8 364 191 -251 -49 
300 8 364 191 -250 -49 
299 7 364 191 -250 -49 
299 7 364 192 -250 -49 
106 6 394 111 -300 -4 
105 5 393 111 -300 -4 
106 6 393 111 -300 -4 
300 7 364 192 -250 -49 
105 6 393 112 -300 -3 
300 7 364 193 -250 -49 
300 7 364 193 -250 -48 
300 6 364 193 -250 -48 
300 6 364 194 -250 -48 
105 6 391 114 -300 -1 
299 6 364 195 -250 -48 
50 -2 423 158 -258 188 
300 6 364 195 -250 -48 
139 0 419 138 -300 -35 
300 6 364 196 -250 -48 
30 -7 396 246 -267 40 
30 -8 396 246 -267 40 
219 -14 355 206 -300 -62 
300 5 364 197 -250 -47 
137 1 417 137 -300 -33 
300 5 364 198 -250 -47 
50 -2 422 157 -258 188 
30 -8 395 246 -267 40 
300 5 364 199 -250 -47 
30 -8 395 247 -267 40 
135 1 417 137 -300 -32 
50 -2 422 158 -258 188 
226 -6 354 205 -300 -32 
227 -6 354 205 -300 -31 
300 5 364 200 -250 -47 
300 5 364 201 -250 -47 
300 5 364 201 -250 -46 
30 -8 395 247 -268 40 
50 -2 422 158 -259 188 
300 5 364 202 -250 -46 
124 -7 410 117 -300 -39 
299 4 364 203 -250 -46 
299 3 364 203 -250 -46 
299 3 365 204 -250 -46 
299 4 365 203 -250 -46 
299 4 365 204 -250 -46 
232 -7 353 206 -300 -30 
30 -8 395 247 -268 39 
300 4 365 204 -250 -46 
299 3 365 205 -250 -46 
299 3 365 206 -250 -45 
233 -7 353 206 -300 -30 
233 -7 353 207 -300 -30 
300 3 365 206 -250 -45 
234 -7 353 207 -300 -30 
300 3 365 207 -250 -45 
236 -7 352 207 -300 -29 
30 -8 395 247 -269 39 
30 -9 395 247 -269 39 
50 -2 422 158 -260 188 
298 -1 366 212 -250 -44 
299 0 367 212 -250 -44 
298 -1 367 213 -250 -44 
228 -14 350 217 -300 -57 
298 -1 367 214 -250 -44 
229 -14 350 218 -300 -57 
298 -1 368 214 -250 -44 
300 11 406 175 -258 -38 
30 -9 395 247 -270 39 
30 -9 394 247 -270 39 
300 10 406 175 -257 -38 
300 10 406 176 -257 -38 
30 -9 394 248 -270 39 
242 -12 351 211 -300 -27 
299 -1 369 217 -250 -43 
243 -12 351 211 -300 -27 
300 10 406 177 -257 -37 
299 0 369 217 -250 -43 
300 9 406 177 -256 -37 
245 -12 351 211 -300 -27 
300 9 406 178 -256 -37 
298 -5 371 220 -250 -42 
246 -12 351 211 -300 -26 
247 -12 350 212 -300 -26 
300 9 406 178 -255 -37 
298 -5 372 221 -250 -42 
50 -2 421 158 -260 188 
50 -2 421 158 -261 188 
30 -9 394 248 -271 39 
248 -13 350 212 -300 -26 
300 8 406 179 -255 -37 
300 8 406 179 -255 -36 
129 -15 400 112 -300 -19 
300 8 406 179 -254 -36 
300 8 406 180 -254 -36 
250 -13 350 213 -300 -25 
50 -2 421 159 -260 188 
30 -10 394 248 -271 39 
50 -2 421 159 -261 188 
298 -5 374 224 -250 -41 
299 -5 374 224 -250 -41 
130 -15 400 112 -300 -17 
251 -12 350 212 -300 -25 
129 -15 399 112 -300 -17 
110 10 403 126 -300 -13 
252 -12 350 213 -300 -25 
252 -13 350 213 -300 -25 
110 10 402 126 -300 -13 
299 -5 374 225 -250 -41 
51 -2 421 159 -261 188 
237 -13 350 226 -300 -52 
130 -14 399 112 -300 -15 
253 -13 350 213 -300 -25 
109 11 402 126 -300 -12 
253 -13 350 213 -300 -24 
130 -14 398 111 -300 -14 
254 -13 350 213 -300 -24 
254 -13 350 214 -300 -24 
300 7 406 180 -253 -36 
109 11 401 126 -300 -12 
30 -10 394 248 -271 38 
300 7 406 181 -253 -36 
255 -13 350 214 -300 -24 
300 7 406 181 -253 -35 
30 -10 394 248 -272 38 
300 7 407 181 -253 -35 
300 7 407 182 -253 -35 
300 6 407 182 -253 -35 
131 -14 397 112 -300 -13 
255 -13 350 215 -300 -24 
300 6 407 182 -252 -35 
131 -14 397 112 -300 -12 
256 -12 350 214 -300 -24 
256 -13 350 215 -300 -24 
300 6 407 183 -252 -35 
131 -14 397 112 -300 -11 
300 5 407 183 -252 -34 
300 5 407 183 -251 -34 
257 -13 350 216 -300 -23 
300 5 407 184 -251 -34 
30 -10 393 248 -272 38 
240 -12 350 229 -300 -49 
106 11 399 124 -300 -9 
30 -10 393 249 -272 38 
300 4 407 185 -250 -34 
299 4 407 185 -250 -34 
258 -13 350 217 -300 -23 
299 4 407 186 -250 -34 
300 4 407 186 -250 -33 
241 -12 350 230 -300 -49 
258 -13 350 217 -300 -22 
299 4 407 186 -250 -33 
259 -13 350 217 -300 -22 
259 -13 350 218 -300 -22 
30 -10 393 249 -273 38 
299 4 408 187 -250 -33 
299 3 408 187 -250 -33 
242 -12 350 230 -300 -48 
299 2 408 188 -250 -33 
299 3 408 188 -250 -33 
260 -13 350 218 -300 -22 
300 3 408 188 -250 -33 
51 -2 421 159 -262 188 
260 -13 350 219 -300 -22 
243 -12 350 231 -300 -48 
299 -3 377 236 -250 -38 
299 3 408 189 -250 -33 
299 3 408 189 -250 -32 
300 3 408 189 -250 -32 
261 -13 350 219 -300 -21 
30 -11 393 249 -273 38 
299 3 409 189 -250 -32 
299 3 409 190 -250 -32 
300 3 409 190 -250 -32 
299 3 409 191 -250 -32 
299 -3 378 239 -250 -38 
262 -13 350 220 -300 -21 
299 -3 379 239 -250 -38 
262 -13 351 220 -300 -21 
298 -1 409 194 -250 -32 
298 -2 409 194 -250 -31 
263 -13 351 221 -300 -20 
30 -11 393 249 -274 38 
263 -12 351 221 -300 -20 
264 -13 351 222 -300 -20 
296 -6 410 198 -250 -31 
296 -6 410 199 -250 -31 
265 -13 351 222 -300 -20 
51 -2 421 160 -262 188 
265 -13 351 222 -300 -19 
52 -2 421 160 -262 188 
266 -13 351 223 -300 -19 
297 -6 410 200 -250 -31 
267 -13 351 224 -300 -19 
248 -12 350 236 -300 -43 
30 -11 393 249 -275 38 
30 -11 392 249 -275 38 
30 -11 392 250 -275 38 
31 -11 392 249 -275 38 
31 -11 392 250 -275 38 
297 -5 411 203 -250 -30 
249 -12 350 237 -300 -42 
31 -11 392 250 -275 37 
249 -12 350 238 -300 -42 
31 -12 392 250 -275 37 
31 -11 392 249 -275 37 
31 -12 392 250 -276 37 
31 -11 392 249 -276 37 
31 -11 392 250 -276 37 
97 13 390 118 -300 2 
296 -9 413 210 -250 -29 
296 -9 413 211 -250 -29 
251 -15 350 241 -300 -39 
97 13 389 117 -300 3 
297 -9 413 211 -250 -29 
52 -2 421 161 -262 188 
296 -9 413 212 -250 -28 
297 -9 413 213 -250 -28 
53 -2 421 161 -262 188 
297 -9 413 214 -250 -28 
53 -2 421 161 -263 188 
297 -9 413 215 -250 -28 
31 -12 392 250 -277 37 
31 -11 392 249 -277 37 
31 -11 392 250 -277 37 
297 -9 414 215 -250 -28 
297 -9 414 217 -250 -27 
297 -9 414 218 -250 -27 
298 -9 414 218 -250 -27 
254 -15 350 243 -300 -36 
298 -9 414 219 -250 -27 
255 -15 350 244 -300 -36 
255 -15 350 245 -300 -35 
31 -11 392 250 -278 37 
31 -12 392 250 -278 37 
256 -15 350 244 -300 -35 
31 -11 392 249 -278 37 
53 -2 421 161 -263 187 
286 -15 367 250 -300 -83 
31 -12 391 250 -278 37 
31 -11 391 249 -278 36 
31 -11 391 250 -278 36 
31 -12 391 250 -278 36 
286 -15 367 250 -300 -82 
53 -2 421 162 -263 187 
31 -11 391 249 -279 36 
31 -11 391 250 -279 36 
31 -12 391 250 -279 36 
287 -15 366 250 -300 -81 
54 -2 421 162 -263 187 
54 -2 421 162 -264 187 
298 -7 414 232 -250 -24 
260 -15 350 249 -300 -31 
32 -12 391 250 -279 36 
32 -11 391 249 -279 36 
259 -15 350 250 -300 -30 
32 -11 391 250 -279 36 
32 -11 391 250 -280 36 
32 -12 391 250 -280 36 
32 -11 391 249 -280 36 
261 -15 350 249 -300 -29 
260 -15 350 250 -300 -28 
54 -2 421 163 -264 187 
288 -13 366 249 -300 -74 
261 -15 350 250 -300 -27 
32 -12 391 250 -281 36 
32 -11 391 249 -281 36 
32 -11 391 250 -281 36 
262 -15 350 249 -300 -27 
288 -14 365 249 -300 -73 
261 -15 350 250 -300 -26 
262 -15 350 250 -300 -25 
32 -12 391 250 -281 35 
32 -11 391 249 -281 35 
32 -11 391 250 -281 35 
55 -2 421 163 -264 187 
54 -2 421 163 -265 187 
32 -12 391 250 -282 35 
32 -11 391 249 -282 35 
