91 192 -96 -27 
191 37 -119 -17 
192 32 -99 -39 
68 145 -112 -15 
77 141 -84 -2 
26 188 -96 -39 
66 164 -80 -4 
30 158 -76 -23 
84 171 -112 2 
30 191 -100 -49 
35 132 -120 -1 
42 147 -88 -23 
25 122 -96 -35 
92 192 -84 -30 
79 155 -100 -51 
47 140 -112 -25 
50 149 -80 -25 
27 155 -116 -39 
27 125 -76 1 
77 141 -76 -12 
69 185 -100 -34 
30 188 -88 -48 
26 188 -113 -29 
33 110 -96 -7 
53 163 -112 -4 
88 186 -84 -24 
83 171 -80 0 
27 188 -84 -16 
26 187 -90 -10 
54 159 -116 -47 
28 190 -117 -12 
28 191 -107 -33 
74 174 -108 10 
85 189 -100 0 
26 84 -84 -37 
26 187 -109 -34 
77 164 -100 5 
95 185 -104 -30 
25 186 -105 -35 
32 122 -112 -48 
25 189 -106 -39 
39 141 -96 -10 
71 177 -92 -50 
26 121 -88 -31 
25 191 -116 -13 
54 146 -120 -32 
64 165 -88 4 
63 156 -96 -48 
192 33 -105 -30 
71 176 -96 -38 
33 137 -96 -20 
73 162 -80 -23 
27 189 -114 -44 
190 26 -96 -4 
69 174 -80 -22 
189 25 -118 10 
128 191 -96 -45 
67 172 -84 -14 
54 153 -88 -19 
58 158 -92 -36 
44 149 -104 8 
192 26 -107 -6 
37 140 -116 -52 
37 172 -95 -6 
78 181 -84 -32 
44 132 -80 -35 
49 149 -88 -34 
27 190 -113 -19 
44 121 -100 -28 
100 188 -80 -49 
32 130 -76 -39 
53 146 -104 -56 
175 31 -89 -29 
94 189 -76 -37 
25 103 -108 -43 
47 136 -108 -3 
25 161 -88 0 
115 174 -100 -8 
187 25 -87 -41 
58 154 -76 -43 
52 168 -92 -35 
190 25 -76 -47 
28 131 -96 -1 
55 113 -80 -9 
52 151 -120 -25 
87 190 -100 -40 
26 190 -85 -5 
70 161 -92 -26 
91 188 -116 -13 
30 129 -116 -34 
191 29 -92 6 
30 191 -106 -8 
178 27 -97 -23 
59 154 -112 7 
191 31 -104 -7 
191 30 -81 -21 
59 150 -100 -11 
39 97 -80 -29 
108 166 -88 -5 
94 171 -76 -41 
110 171 -104 -48 
68 161 -104 5 
25 185 -87 -50 
64 156 -100 -37 
40 180 -96 -4 
111 188 -120 -56 
41 120 -108 -34 
58 153 -88 -21 
30 129 -100 -20 
35 173 -104 4 
191 26 -101 -23 
81 185 -116 -30 
99 190 -96 -53 
43 151 -84 -1 
90 189 -108 -17 
192 28 -84 -19 
187 26 -103 10 
54 158 -96 -46 
101 178 -92 -52 
33 165 -112 -3 
88 173 -108 3 
77 165 -88 10 
190 27 -106 -4 
53 111 -108 -37 
56 159 -112 -53 
189 25 -117 1 
29 117 -88 -4 
75 178 -84 -6 
31 110 -104 -31 
86 182 -84 -52 
91 191 -108 2 
25 130 -120 -12 
71 173 -96 -14 
40 144 -104 -4 
117 182 -92 -31 
112 189 -104 -29 
47 160 -108 -37 
190 27 -82 -47 
28 115 -112 -6 
43 139 -108 -43 
68 155 -104 2 
36 142 -104 -36 
86 177 -104 -35 
26 191 -104 -6 
49 138 -112 -54 
26 192 -116 -44 
185 31 -88 -23 
84 179 -112 -16 
50 135 -92 5 
188 25 -80 -2 
78 181 -84 -3 
178 26 -98 -16 
34 131 -112 -23 
191 27 -120 -26 
91 156 -104 -48 
185 25 -88 -51 
191 28 -98 -29 
77 176 -104 -25 
81 183 -76 -48 
70 170 -92 -7 
30 191 -76 -10 
32 137 -92 -2 
28 190 -115 -52 
41 147 -104 -23 
25 182 -104 -8 
116 180 -100 -25 
191 30 -81 -56 
47 142 -120 -51 
185 26 -80 -9 
192 31 -89 -9 
192 35 -75 -45 
51 189 -107 -6 
58 153 -92 9 
75 176 -84 -51 
45 131 -92 -55 
31 133 -80 -13 
82 172 -108 -56 
54 131 -108 -38 
189 25 -80 -7 
42 141 -92 -16 
66 175 -120 -35 
82 159 -116 -4 
36 115 -100 -15 
29 191 -105 -43 
32 169 -100 5 
28 126 -96 8 
35 170 -92 3 
26 190 -108 -34 
47 139 -112 -25 
45 135 -96 -29 
29 189 -100 -47 
29 192 -108 -33 
55 152 -92 -56 
192 25 -84 6 
53 145 -100 9 
72 161 -84 -1 
43 137 -112 -30 
25 115 -120 -45 
58 162 -92 -17 
41 139 -92 -3 
30 167 -107 6 
49 150 -92 -3 
39 137 -104 6 
189 25 -103 -37 
58 153 -80 -17 
43 139 -104 -16 
192 27 -113 -22 
46 143 -104 -2 
42 177 -80 -27 
85 177 -100 -7 
37 168 -108 -55 
192 36 -104 -34 
29 192 -114 -10 
187 32 -83 -24 
39 135 -96 -39 
56 169 -108 -4 
27 133 -104 -45 
186 27 -116 2 
62 166 -80 -9 
32 127 -96 9 
48 144 -92 -53 
55 161 -84 -19 
76 171 -100 -47 
25 190 -114 -41 
41 105 -80 -36 
45 161 -88 7 
30 167 -112 -5 
28 188 -83 -1 
170 26 -99 -48 
188 26 -76 -3 
94 158 -96 -7 
85 178 -112 -30 
26 192 -97 -52 
64 154 -80 0 
177 26 -92 -42 
44 122 -76 -49 
30 133 -108 -50 
46 151 -100 10 
88 164 -88 4 
86 183 -112 -30 
191 29 -95 -34 
36 114 -116 9 
59 153 -92 0 
192 29 -85 -40 
28 166 -87 -10 
72 173 -104 -49 
78 175 -100 -3 
84 180 -100 -44 
41 145 -100 -8 
192 25 -106 -3 
191 35 -78 -43 
191 26 -80 -37 
31 116 -108 -23 
28 122 -100 -54 
29 126 -108 6 
74 176 -76 -14 
68 160 -96 -8 
26 192 -111 -3 
55 159 -108 -8 
37 127 -120 -26 
191 27 -116 3 
54 160 -112 -23 
63 162 -92 -16 
63 158 -92 -37 
55 156 -80 -53 
192 27 -84 -51 
26 131 -76 -17 
39 176 -116 9 
63 150 -104 -46 
192 27 -76 -5 
71 168 -88 -36 
192 27 -78 -34 
59 136 -92 -30 
185 31 -101 -4 
41 132 -112 -44 
48 155 -116 -27 
56 146 -104 -30 
179 27 -90 -55 
58 156 -100 -22 
29 126 -108 -40 
35 172 -96 -7 
93 190 -96 -2 
191 29 -80 -54 
183 27 -90 -43 
50 189 -116 -35 
68 171 -100 -43 
189 28 -83 -52 
79 142 -92 -55 
188 27 -102 -6 
92 188 -100 -3 
30 192 -78 -8 
56 191 -104 -44 
189 27 -120 -42 
102 187 -104 -27 
26 190 -108 7 
69 176 -116 -35 
128 186 -108 -25 
188 25 -111 -33 
32 122 -100 -32 
44 138 -80 7 
59 153 -120 -31 
50 154 -88 -42 
27 191 -91 10 
188 25 -88 -33 
73 166 -104 -11 
25 190 -102 -12 
84 187 -92 -49 
25 188 -87 -24 
99 175 -120 -48 
105 183 -88 -3 
192 25 -76 -1 
26 187 -93 -33 
37 174 -95 -39 
85 185 -84 -24 
40 175 -103 3 
44 150 -116 -7 
42 129 -84 -7 
191 26 -99 -51 
31 192 -100 -7 
190 27 -88 -27 
91 192 -112 -14 
25 127 -92 -17 
43 104 -76 -33 
29 135 -88 -24 
101 166 -108 -5 
187 27 -78 -6 
77 180 -92 -55 
35 96 -84 -49 
32 192 -100 -44 
49 145 -120 -23 
64 163 -80 -24 
70 160 -96 -8 
34 130 -120 10 
71 178 -104 -24 
35 98 -96 -51 
190 25 -82 5 
26 185 -95 -22 
190 31 -88 -38 
180 27 -94 -35 
30 126 -88 -9 
182 26 -106 -3 
53 143 -80 -50 
191 29 -76 -30 
25 191 -84 6 
171 27 -77 -53 
96 157 -76 -54 
47 150 -84 7 
63 169 -88 -39 
59 146 -92 0 
187 25 -111 -12 
80 172 -112 -19 
187 27 -77 -7 
56 150 -92 -54 
51 159 -116 -56 
190 31 -104 -39 
40 143 -104 -16 
36 136 -80 8 
30 139 -76 -49 
76 135 -80 -8 
36 169 -99 7 
189 26 -96 3 
26 187 -91 -24 
80 185 -108 9 
189 30 -112 -43 
26 188 -111 -22 
130 188 -104 -51 
27 86 -120 -39 
116 174 -120 -21 
29 191 -103 -56 
27 190 -87 -5 
35 131 -92 -4 
191 27 -107 -46 
91 150 -96 3 
30 131 -100 -52 
27 184 -90 -43 
69 172 -92 -26 
114 190 -108 -26 
180 25 -113 -25 
80 170 -84 -2 
78 156 -120 -52 
71 170 -84 -19 
54 186 -120 8 
73 165 -88 -30 
64 154 -88 -56 
190 28 -118 7 
55 119 -92 -25 
192 29 -106 8 
64 157 -108 -53 
30 129 -112 -9 
41 133 -100 3 
26 191 -96 -56 
34 126 -108 -39 
81 186 -108 0 
87 186 -96 -11 
