32 134 -120 -19 
188 32 -87 -52 
29 134 -120 -16 
91 192 -96 -27 
127 186 -108 3 
188 29 -110 -26 
192 28 -113 -56 
192 30 -120 -56 
45 158 -120 -4 
188 27 -90 -43 
77 141 -84 -2 
192 30 -99 -56 
25 130 -120 0 
26 188 -96 -39 
78 153 -108 -14 
25 188 -98 -30 
25 101 -120 -1 
61 122 -104 -34 
66 164 -80 -4 
25 130 -120 1 
25 129 -120 0 
30 158 -76 -23 
25 129 -120 1 
84 171 -112 2 
30 191 -100 -49 
25 128 -120 -1 
192 27 -101 -56 
25 190 -103 -39 
25 128 -120 1 
35 132 -120 -1 
25 128 -120 0 
43 104 -108 -1 
25 127 -120 0 
42 147 -88 -23 
25 127 -120 -1 
25 184 -116 -6 
25 126 -120 -1 
184 25 -105 -2 
25 125 -120 -1 
25 122 -96 -35 
25 124 -120 -1 
45 120 -76 -34 
92 192 -84 -30 
49 110 -108 0 
79 155 -100 -51 
25 122 -120 -1 
47 140 -112 -25 
25 121 -120 -1 
47 145 -112 -6 
188 28 -117 -47 
192 29 -120 -56 
25 120 -120 -1 
27 125 -76 1 
79 154 -76 -21 
25 124 -76 0 
77 141 -76 -12 
26 188 -96 -46 
25 118 -120 -1 
25 117 -120 -1 
69 185 -100 -34 
30 188 -88 -48 
191 29 -118 -43 
26 188 -113 -29 
33 110 -96 -7 
53 163 -112 -4 
25 188 -120 -27 
83 171 -80 0 
25 188 -120 -21 
25 188 -120 -17 
27 188 -84 -16 
26 187 -90 -10 
54 159 -116 -47 
28 190 -117 -12 
25 186 -91 -7 
26 190 -118 -9 
28 191 -107 -33 
74 174 -108 10 
85 189 -100 0 
172 28 -87 -46 
189 26 -116 3 
189 27 -116 2 
26 192 -104 -54 
26 84 -84 -37 
77 164 -100 5 
95 185 -104 -30 
54 158 -112 -7 
32 122 -112 -48 
55 145 -92 -9 
25 189 -106 -39 
53 144 -92 -6 
72 187 -80 -14 
39 141 -96 -10 
34 191 -83 0 
71 177 -92 -50 
188 29 -111 -28 
26 121 -88 -31 
192 29 -115 -56 
25 191 -116 -13 
54 146 -120 -32 
64 165 -88 4 
63 164 -88 3 
192 31 -90 -56 
63 156 -96 -48 
192 33 -104 -56 
189 26 -100 -29 
71 176 -96 -38 
192 25 -105 -56 
76 178 -108 -14 
192 32 -116 -40 
44 135 -120 -13 
33 137 -96 -20 
49 110 -80 -51 
27 189 -114 -44 
191 28 -77 -45 
190 26 -96 -4 
192 27 -84 -56 
69 174 -80 -22 
67 172 -84 -14 
128 191 -96 -45 
54 153 -88 -19 
50 152 -88 -12 
44 149 -104 8 
192 26 -107 -6 
187 25 -118 -25 
37 140 -116 -52 
192 25 -120 -56 
37 172 -95 -6 
78 181 -84 -32 
188 30 -77 -56 
192 27 -120 -56 
44 132 -80 -35 
49 149 -88 -34 
27 190 -113 -19 
44 121 -100 -28 
25 190 -114 -14 
25 190 -115 -12 
100 188 -80 -49 
53 146 -104 -56 
94 189 -76 -37 
25 103 -108 -43 
29 192 -107 -9 
27 191 -108 -7 
26 191 -108 -7 
47 136 -108 -3 
25 192 -109 -7 
25 161 -88 0 
25 160 -88 0 
25 25 -120 3 
25 160 -88 -1 
25 160 -88 -2 
40 139 -104 -37 
115 174 -100 -8 
52 168 -92 -35 
190 25 -76 -47 
28 131 -96 -1 
46 137 -88 -28 
30 187 -75 -6 
67 165 -108 -1 
55 113 -80 -9 
52 151 -120 -25 
87 190 -100 -40 
26 190 -85 -5 
25 189 -85 -5 
70 161 -92 -26 
191 25 -106 3 
91 188 -116 -13 
191 26 -106 2 
192 27 -106 1 
30 129 -116 -34 
192 29 -107 0 
191 30 -87 -43 
192 31 -95 -56 
47 163 -112 -2 
191 30 -92 5 
30 191 -106 -8 
192 31 -92 4 
27 190 -107 -5 
27 190 -107 -6 
26 190 -108 -6 
59 154 -112 7 
58 153 -112 6 
65 141 -116 -39 
191 31 -104 -7 
191 30 -81 -21 
59 150 -100 -11 
39 97 -80 -29 
190 25 -89 1 
108 166 -88 -5 
192 28 -120 -56 
110 171 -104 -48 
27 192 -105 -37 
68 161 -104 5 
79 177 -112 -3 
186 32 -102 -50 
64 156 -100 -37 
40 180 -96 -4 
55 115 -88 -9 
111 188 -120 -56 
185 25 -77 -55 
58 153 -88 -21 
30 129 -100 -20 
177 30 -119 -20 
35 173 -104 4 
34 172 -104 3 
30 188 -109 -23 
191 25 -87 3 
191 26 -87 2 
81 185 -116 -30 
99 190 -96 -53 
192 27 -88 1 
185 25 -115 -20 
189 26 -115 -29 
192 26 -120 -56 
90 189 -108 -17 
192 28 -84 -19 
180 27 -94 -29 
192 26 -98 -56 
192 25 -109 -56 
190 25 -85 -35 
187 26 -103 10 
192 25 -91 -56 
188 27 -104 10 
54 158 -96 -46 
35 172 -111 -7 
118 179 -100 -21 
33 165 -112 -3 
191 37 -84 2 
88 173 -108 3 
77 165 -88 10 
53 111 -108 -37 
56 159 -112 -53 
189 25 -117 1 
29 117 -88 -4 
27 116 -88 -1 
75 178 -84 -6 
26 188 -88 -32 
86 182 -84 -52 
91 191 -108 2 
25 130 -120 -12 
71 173 -96 -14 
40 144 -104 -4 
117 182 -92 -31 
47 160 -108 -37 
190 27 -82 -47 
28 115 -112 -6 
188 27 -114 -40 
43 139 -108 -43 
60 157 -84 -41 
68 155 -104 2 
36 142 -104 -36 
86 177 -104 -35 
26 191 -104 -6 
49 138 -112 -54 
84 179 -112 -16 
50 135 -92 5 
188 25 -80 -2 
189 26 -81 -3 
78 181 -84 -3 
190 27 -81 -4 
34 131 -112 -23 
109 184 -112 -7 
91 156 -104 -48 
185 25 -88 -51 
191 28 -98 -29 
192 26 -103 -56 
77 176 -104 -25 
70 170 -92 -7 
30 191 -76 -10 
32 137 -92 -2 
28 190 -115 -34 
28 190 -115 -52 
41 147 -104 -23 
25 189 -118 -43 
178 28 -119 -54 
116 180 -100 -25 
191 30 -81 -56 
47 142 -120 -51 
192 31 -89 -9 
184 25 -116 -39 
58 153 -92 9 
25 188 -108 -12 
25 189 -112 -5 
45 131 -92 -55 
31 133 -80 -13 
82 172 -108 -56 
54 131 -108 -38 
189 25 -80 -7 
189 25 -80 -6 
42 141 -92 -16 
190 31 -117 -27 
66 175 -120 -35 
82 159 -116 -4 
44 178 -104 9 
32 169 -100 5 
180 26 -77 2 
28 126 -96 8 
31 168 -100 4 
27 125 -96 6 
35 170 -92 3 
26 190 -108 -34 
25 190 -109 -27 
47 139 -112 -25 
192 28 -85 9 
45 135 -96 -29 
132 191 -100 -53 
84 182 -96 -31 
29 189 -100 -47 
29 192 -108 -33 
55 152 -92 -56 
192 30 -102 -56 
192 25 -84 6 
185 32 -107 -6 
53 145 -100 9 
72 161 -84 -1 
43 137 -112 -30 
52 144 -100 8 
25 115 -120 -45 
58 162 -92 -17 
41 139 -92 -3 
30 167 -107 6 
49 150 -92 -3 
39 137 -104 6 
191 28 -86 -43 
58 153 -80 -17 
32 192 -116 10 
31 191 -116 9 
25 192 -120 -1 
43 139 -104 -16 
62 192 -115 -48 
25 192 -120 0 
80 141 -112 -3 
192 30 -92 -56 
36 111 -116 1 
46 143 -104 -2 
42 177 -80 -27 
61 152 -80 -27 
189 32 -117 -2 
179 28 -98 -20 
190 34 -77 -20 
30 169 -116 3 
85 177 -100 -7 
37 168 -108 -55 
29 192 -114 -10 
39 135 -96 -39 
56 169 -108 -4 
27 133 -104 -45 
62 166 -80 -9 
32 127 -96 9 
48 144 -92 -53 
55 161 -84 -19 
76 171 -100 -47 
192 27 -82 3 
192 28 -82 2 
25 190 -114 -41 
41 105 -80 -36 
45 161 -88 7 
30 167 -112 -5 
27 187 -83 -1 
192 28 -107 -56 
94 158 -96 -7 
85 178 -112 -30 
25 188 -115 -44 
26 192 -97 -52 
64 154 -80 0 
44 122 -76 -49 
30 133 -108 -50 
34 191 -79 -9 
46 151 -100 10 
88 164 -88 4 
86 183 -112 -30 
192 36 -99 -56 
36 114 -116 9 
59 153 -92 0 
58 152 -92 0 
192 29 -85 -40 
28 166 -87 -10 
27 189 -95 -43 
72 173 -104 -49 
84 180 -100 -44 
25 160 -96 -4 
41 145 -100 -8 
63 153 -108 -16 
191 26 -80 -37 
31 116 -108 -23 
192 26 -87 -56 
192 28 -99 -56 
25 160 -104 -4 
26 186 -111 -5 
28 122 -100 -54 
29 126 -108 6 
25 186 -112 -6 
74 176 -76 -14 
68 160 -96 -8 
26 192 -111 -3 
25 191 -111 -3 
25 191 -112 -3 
55 159 -108 -8 
25 192 -113 -3 
25 186 -117 -5 
53 158 -108 -5 
37 127 -120 -26 
25 192 -114 -3 
25 192 -115 -3 
25 192 -116 -2 
25 192 -117 -2 
25 192 -118 -2 
54 160 -112 -23 
63 162 -92 -16 
56 131 -100 -33 
63 158 -92 -37 
55 156 -80 -53 
192 27 -84 -51 
192 26 -94 -56 
31 192 -81 5 
39 176 -116 9 
38 175 -116 8 
54 149 -116 -2 
63 150 -104 -46 
192 27 -76 -5 
71 168 -88 -36 
90 165 -120 -13 
25 122 -92 -1 
28 191 -79 8 
27 190 -79 7 
26 190 -79 6 
48 155 -116 -27 
56 146 -104 -30 
29 126 -108 -40 
35 172 -96 -7 
93 190 -96 -2 
191 29 -80 -54 
191 30 -103 -55 
50 189 -116 -35 
68 171 -100 -43 
189 28 -83 -52 
79 142 -92 -55 
192 29 -94 -56 
192 31 -108 -56 
92 188 -100 -3 
30 192 -78 -8 
28 192 -78 -5 
56 191 -104 -44 
27 191 -78 -5 
102 187 -104 -27 
26 190 -108 7 
81 159 -84 0 
69 176 -116 -35 
64 125 -84 -13 
128 186 -108 -25 
41 132 -100 -55 
32 122 -100 -32 
192 26 -113 -48 
44 138 -80 7 
59 153 -120 -31 
50 154 -88 -42 
27 191 -91 10 
26 190 -91 9 
188 25 -88 -33 
192 25 -94 -56 
73 166 -104 -11 
192 27 -108 -56 
63 156 -84 -1 
61 156 -84 -3 
25 190 -102 -12 
84 187 -92 -49 
25 188 -87 -24 
99 175 -120 -48 
58 155 -84 -3 
55 155 -84 0 
54 155 -84 -1 
105 183 -88 -3 
37 174 -95 -39 
37 168 -91 4 
85 185 -84 -24 
188 32 -78 -25 
192 31 -79 -43 
44 150 -116 -7 
42 129 -84 -7 
191 26 -99 -51 
192 27 -110 -56 
51 166 -88 -34 
192 25 -110 -40 
31 192 -100 -7 
30 192 -97 -47 
191 30 -105 -12 
25 191 -100 -37 
192 30 -105 -16 
25 190 -102 -27 
190 27 -88 -27 
91 192 -112 -14 
25 127 -92 -17 
43 104 -76 -33 
29 135 -88 -24 
28 184 -99 -47 
192 25 -106 -56 
101 166 -108 -5 
77 180 -92 -55 
35 96 -84 -49 
32 192 -100 -44 
49 145 -120 -23 
25 184 -87 1 
25 184 -87 0 
64 163 -80 -24 
25 184 -88 0 
192 34 -104 -56 
70 160 -96 -8 
34 130 -120 10 
45 132 -88 -43 
71 178 -104 -24 
35 98 -96 -51 
26 185 -95 -22 
30 126 -88 -9 
28 125 -88 -6 
53 143 -80 -50 
191 29 -76 -30 
192 28 -81 -56 
192 30 -93 -56 
25 191 -84 6 
96 157 -76 -54 
47 150 -84 7 
36 127 -76 -27 
59 146 -92 0 
80 172 -112 -19 
177 29 -96 -12 
51 159 -116 -56 
36 123 -120 -5 
40 143 -104 -16 
36 136 -80 8 
175 26 -97 -31 
191 25 -101 -56 
30 139 -76 -49 
190 26 -107 -49 
192 27 -119 -56 
76 135 -80 -8 
