32 134 -120 -19 
29 134 -120 -16 
192 25 -120 -56 
36 133 -112 -8 
45 158 -120 -4 
51 148 -116 -1 
49 145 -84 0 
82 181 -104 -6 
25 25 -120 3 
48 145 -84 -1 
26 127 -80 -1 
25 127 -80 0 
25 123 -120 -1 
75 180 -104 -4 
74 180 -104 -5 
25 101 -120 -1 
25 130 -120 0 
25 137 -92 -2 
25 122 -120 -1 
25 130 -120 1 
25 100 -116 1 
68 180 -104 -4 
25 129 -120 0 
67 180 -104 -5 
25 100 -120 -1 
33 170 -120 -3 
25 129 -120 1 
63 179 -104 -4 
25 120 -120 -1 
25 128 -120 -1 
25 128 -120 0 
25 123 -84 0 
47 139 -116 -4 
25 128 -120 1 
25 123 -84 1 
25 127 -120 -1 
25 127 -120 1 
25 118 -120 -1 
25 127 -120 0 
25 117 -120 -1 
25 126 -120 -1 
51 149 -80 -1 
43 101 -88 0 
25 25 -118 3 
50 149 -80 -2 
49 149 -80 0 
25 25 -119 3 
25 125 -120 -1 
25 124 -120 -1 
25 25 -113 3 
25 130 -112 0 
25 117 -92 -1 
25 129 -112 0 
25 121 -120 -1 
30 89 -80 2 
29 88 -80 0 
25 154 -104 0 
25 154 -104 -1 
25 119 -120 -1 
25 116 -120 -1 
25 154 -115 -1 
25 132 -112 -1 
25 158 -87 0 
25 158 -87 -1 
25 157 -87 -1 
25 157 -87 -2 
25 138 -108 -2 
25 155 -104 -1 
25 155 -104 -2 
25 25 -117 3 
25 154 -115 -2 
25 192 -120 0 
25 192 -120 -1 
