32 134 -120 -19 
29 134 -120 -16 
25 122 -96 -35 
45 158 -120 -4 
65 166 -96 -7 
101 189 -120 -45 
33 137 -100 -56 
96 189 -120 -21 
57 173 -120 -40 
192 31 -89 -56 
190 25 -98 -42 
192 26 -106 -56 
192 28 -120 -56 
191 29 -117 -7 
26 190 -110 -16 
191 29 -117 -6 
25 101 -120 -1 
25 191 -86 -42 
189 25 -89 -23 
36 131 -108 -8 
47 106 -92 -9 
31 107 -120 -33 
111 171 -84 -56 
25 192 -103 -3 
25 117 -120 -1 
32 192 -83 9 
25 191 -103 -3 
25 116 -120 -1 
25 192 -81 -27 
25 192 -82 -22 
32 142 -76 -26 
171 25 -88 -31 
191 25 -107 -28 
192 25 -111 -56 
27 192 -109 9 
192 34 -77 -50 
83 144 -84 -23 
58 157 -84 -47 
76 172 -76 -55 
31 192 -108 -32 
48 145 -80 -19 
25 192 -109 -25 
25 192 -111 -20 
190 25 -120 -21 
25 192 -112 -16 
192 25 -120 -38 
25 192 -113 -14 
192 29 -120 -56 
26 187 -112 -41 
83 174 -92 -28 
192 30 -98 -53 
192 28 -110 -56 
192 26 -84 -13 
192 26 -84 -17 
192 26 -85 -26 
78 178 -100 -29 
75 169 -116 4 
33 192 -116 -23 
189 29 -87 10 
91 187 -88 -4 
190 25 -79 -43 
37 168 -91 -2 
47 106 -120 -50 
192 27 -107 10 
44 109 -100 2 
179 25 -106 -7 
26 135 -84 -25 
25 128 -120 -13 
25 192 -120 7 
25 192 -120 6 
28 118 -84 -6 
25 192 -120 5 
25 192 -120 4 
25 192 -120 3 
25 192 -120 2 
44 146 -120 -46 
25 192 -120 1 
25 192 -120 0 
42 145 -92 -35 
25 124 -76 -53 
25 192 -120 -1 
183 26 -82 -50 
192 27 -91 -56 
25 186 -101 7 
192 29 -105 -56 
109 167 -76 4 
27 187 -108 2 
25 186 -101 6 
192 30 -120 -56 
192 26 -82 -55 
32 110 -84 -42 
25 110 -84 -33 
25 128 -84 3 
25 188 -111 -28 
47 182 -112 -56 
26 188 -120 -45 
25 187 -120 -36 
25 187 -120 -30 
192 27 -83 -56 
192 28 -95 -56 
49 139 -120 -45 
192 30 -110 -56 
31 192 -98 -40 
107 171 -76 -7 
25 191 -100 -30 
191 27 -107 -38 
192 28 -114 -56 
25 192 -109 -48 
86 181 -120 10 
25 191 -112 -39 
40 144 -108 9 
25 190 -115 -31 
39 143 -108 8 
192 25 -99 -33 
25 191 -117 -26 
38 143 -108 7 
192 25 -105 -56 
25 191 -118 -21 
38 143 -108 6 
68 158 -108 -32 
25 188 -75 -22 
25 190 -89 -25 
25 188 -76 -18 
89 187 -120 -24 
25 190 -90 -21 
36 132 -96 -6 
25 187 -77 -16 
34 131 -96 -3 
25 187 -78 -13 
54 115 -120 -40 
110 168 -84 -55 
25 187 -93 -37 
25 186 -95 -46 
97 186 -108 -41 
61 160 -104 10 
56 141 -120 4 
75 174 -108 -13 
59 157 -120 2 
99 164 -108 -56 
58 156 -120 1 
42 130 -96 0 
57 156 -120 0 
56 156 -120 0 
185 27 -78 -4 
192 26 -120 -56 
26 153 -100 -10 
186 28 -78 -4 
65 167 -76 0 
85 186 -80 -47 
187 29 -79 -4 
80 182 -116 -24 
27 192 -78 -6 
26 191 -78 -6 
25 192 -79 -3 
46 186 -112 -36 
192 26 -104 -50 
189 25 -82 -35 
51 142 -76 -56 
192 25 -116 -56 
192 25 -88 -56 
66 162 -120 -36 
192 27 -120 -56 
192 27 -102 -56 
189 31 -112 -49 
83 169 -104 -36 
32 141 -104 -50 
31 192 -78 -42 
87 184 -120 -37 
28 134 -116 -13 
70 174 -108 -30 
25 127 -120 -28 
31 128 -96 -16 
26 190 -81 -18 
25 129 -112 1 
39 125 -88 2 
192 25 -91 -52 
26 124 -104 -19 
51 137 -96 -23 
106 184 -88 -4 
77 138 -84 -4 
49 151 -120 -56 
38 147 -120 -53 
25 127 -120 -1 
25 127 -120 1 
96 159 -120 -33 
25 125 -120 -1 
46 143 -88 10 
25 124 -120 -1 
58 155 -112 -2 
70 158 -88 -3 
25 25 -120 3 
25 122 -120 -1 
63 164 -80 -45 
187 25 -97 -56 
51 143 -112 -38 
192 26 -111 -56 
75 170 -104 10 
190 33 -106 -11 
52 156 -116 -56 
39 152 -120 -52 
28 192 -120 -5 
76 170 -104 10 
62 165 -120 -6 
37 171 -79 10 
118 181 -100 -24 
191 25 -85 5 
192 28 -115 -26 
192 28 -84 -56 
191 26 -85 4 
192 27 -118 -56 
192 27 -85 3 
26 192 -118 -23 
96 159 -92 -52 
25 192 -119 -18 
77 162 -100 -50 
192 26 -114 10 
192 32 -93 10 
41 139 -88 -22 
25 186 -116 -53 
28 192 -113 -54 
50 148 -108 -55 
25 185 -119 -44 
25 191 -116 -46 
25 184 -120 -36 
58 148 -104 -51 
62 162 -80 -56 
32 168 -120 -14 
65 178 -76 -41 
27 192 -75 -30 
189 25 -112 -4 
32 129 -76 -50 
190 26 -112 -5 
190 27 -113 -6 
191 28 -113 -6 
58 165 -120 -39 
56 162 -80 -15 
27 192 -99 10 
52 146 -116 -1 
26 191 -99 9 
49 152 -108 -40 
72 133 -120 -25 
77 183 -104 -6 
186 25 -106 -32 
74 174 -76 -25 
188 26 -77 1 
189 27 -77 0 
76 162 -76 -42 
186 25 -80 -6 
60 151 -100 -56 
41 149 -100 -13 
30 121 -100 2 
189 26 -77 -19 
26 189 -107 -35 
176 25 -109 -46 
192 25 -78 -32 
27 112 -104 -7 
192 28 -117 -56 
49 186 -107 5 
46 144 -108 -12 
44 146 -120 -9 
34 169 -96 2 
40 99 -120 -28 
27 192 -115 -45 
25 191 -118 -36 
74 169 -116 -35 
25 116 -92 -51 
92 192 -120 -55 
80 138 -92 -30 
27 187 -100 1 
59 175 -100 -43 
72 150 -92 -6 
27 117 -108 -52 
25 186 -100 0 
25 186 -101 -1 
190 25 -106 -56 
96 173 -112 -6 
57 116 -96 -20 
65 164 -88 -26 
31 141 -120 -46 
43 134 -96 -29 
44 178 -120 -55 
69 169 -120 -35 
83 179 -96 -26 
26 187 -82 -32 
25 187 -83 -26 
25 127 -112 -11 
25 192 -98 -42 
96 191 -112 -6 
25 191 -101 -33 
88 176 -116 -6 
25 191 -102 -27 
81 184 -120 5 
80 183 -120 4 
192 26 -86 -31 
192 26 -91 -56 
187 25 -95 -29 
49 125 -108 5 
192 25 -99 -56 
51 151 -108 -19 
25 116 -84 -1 
34 131 -120 9 
191 28 -76 -55 
192 29 -88 -56 
192 31 -102 -56 
69 130 -116 -18 
185 25 -120 -50 
61 119 -84 -55 
88 192 -116 10 
68 165 -104 -46 
25 192 -96 -48 
33 192 -87 -10 
191 25 -107 -44 
81 176 -120 -15 
97 185 -88 -3 
191 29 -101 10 
95 154 -76 -55 
25 187 -115 -12 
78 171 -120 -30 
25 187 -116 -9 
25 187 -117 -6 
82 187 -120 -4 
186 29 -101 -40 
57 132 -108 -56 
25 192 -110 -2 
82 146 -116 -24 
26 192 -84 -56 
182 25 -95 -33 
25 192 -110 -1 
44 134 -80 -4 
192 25 -100 -56 
26 192 -75 0 
192 25 -93 -46 
25 120 -108 -15 
86 174 -120 10 
25 88 -84 -19 
192 27 -87 -19 
192 26 -88 -33 
37 113 -76 -5 
35 112 -76 -2 
88 149 -76 8 
182 25 -92 -22 
25 188 -99 -13 
25 187 -92 -54 
26 192 -89 4 
192 34 -98 -22 
192 33 -99 -39 
105 183 -96 -44 
49 151 -120 -50 
192 29 -99 1 
192 30 -99 0 
192 31 -100 0 
25 192 -111 -23 
52 141 -100 -22 
53 144 -112 -6 
109 173 -88 1 
29 137 -100 8 
43 139 -96 3 
71 167 -76 -3 
25 130 -120 0 
34 192 -108 -37 
26 191 -110 -27 
40 144 -100 -6 
25 130 -120 1 
25 129 -120 0 
48 157 -100 -36 
52 147 -112 -51 
25 129 -120 1 
25 128 -120 0 
50 111 -92 -48 
51 186 -104 -16 
25 128 -120 -1 
31 191 -96 -34 
25 128 -120 1 
189 25 -86 -41 
25 127 -120 0 
77 174 -100 10 
101 186 -88 10 
25 126 -120 -1 
50 155 -92 -8 
37 132 -120 -6 
78 174 -100 10 
48 154 -92 -5 
31 127 -80 -17 
112 173 -96 -31 
192 25 -78 -50 
26 192 -81 -12 
25 191 -81 -10 
25 127 -120 -7 
25 123 -120 -1 
54 132 -116 -47 
50 126 -120 -36 
36 128 -100 -51 
31 161 -95 9 
25 121 -120 -1 
64 122 -96 -20 
188 25 -106 -13 
107 168 -80 -21 
192 25 -76 -12 
185 25 -87 1 
49 144 -92 -41 
25 119 -120 -1 
186 26 -87 0 
84 191 -88 -7 
25 118 -120 -1 
30 189 -81 -38 
26 124 -112 1 
25 123 -112 -1 
93 192 -104 -46 
30 191 -93 -53 
32 130 -92 2 
75 174 -76 -45 
48 145 -84 5 
47 144 -84 3 
45 137 -76 10 
54 129 -120 -22 
82 175 -116 10 
188 25 -104 -22 
25 187 -86 -28 
187 25 -75 -9 
186 25 -75 -9 
187 25 -75 -8 
112 177 -120 -23 
81 175 -120 5 
192 28 -115 -56 
96 159 -112 -36 
36 174 -99 -2 
46 147 -120 -17 
186 25 -85 -30 
192 25 -90 -56 
86 174 -108 9 
88 179 -92 -18 
25 191 -75 -41 
53 149 -76 -46 
25 190 -77 -32 
192 31 -101 -56 
25 111 -112 -37 
25 192 -114 -8 
25 192 -115 -5 
85 187 -88 -2 
25 192 -116 -5 
25 192 -116 -4 
49 135 -108 -56 
71 147 -96 -9 
43 182 -96 5 
25 192 -117 -4 
31 143 -100 -40 
25 192 -118 -4 
66 168 -108 -32 
66 151 -80 -5 
75 134 -100 -44 
36 138 -100 -30 
89 166 -108 -49 
189 25 -101 -2 
189 25 -112 -30 
27 113 -116 -41 
192 28 -97 -6 
29 167 -112 5 
43 182 -116 -55 
36 141 -100 -53 
29 189 -92 -31 
127 191 -96 -46 
45 151 -80 -33 
25 128 -108 -23 
82 140 -104 -13 
25 128 -84 -16 
32 130 -112 -29 
84 184 -120 -26 
25 191 -106 -39 
42 181 -120 -41 
44 105 -96 -13 
113 172 -104 -3 
42 158 -76 -16 
84 160 -92 2 
25 191 -78 -18 
188 27 -75 6 
189 27 -75 6 
192 32 -99 -43 
192 32 -108 -56 
191 25 -100 -54 
192 26 -113 -56 
29 128 -104 0 
69 174 -112 -49 
64 159 -88 8 
63 158 -88 7 
63 158 -88 6 
59 156 -108 -28 
39 177 -116 -41 
39 175 -120 -4 
92 179 -108 -16 
44 147 -76 -10 
29 107 -104 9 
188 25 -119 -44 
39 129 -92 -34 
97 158 -92 -33 
69 166 -88 -1 
82 172 -100 -47 
85 146 -80 -11 
51 155 -120 -10 
49 154 -120 -7 
31 132 -100 -19 
68 156 -104 4 
190 25 -86 -52 
53 187 -108 -5 
59 164 -84 -47 
91 192 -112 -3 
90 187 -120 -34 
192 26 -97 -56 
114 174 -80 -3 
43 146 -108 4 
91 192 -104 -8 
98 192 -100 -48 
48 147 -116 -28 
69 166 -100 -43 
29 166 -87 2 
38 96 -80 -14 
25 183 -100 -33 
190 30 -101 -32 
189 29 -104 -34 
87 185 -100 -15 
77 183 -100 -17 
51 126 -104 -31 
64 170 -96 -41 
29 191 -97 -21 
27 123 -112 -5 
58 119 -88 -18 
70 176 -76 -3 
49 157 -104 -51 
30 191 -119 -4 
30 192 -120 -4 
29 192 -120 -4 
28 192 -120 -3 
75 174 -116 -33 
192 25 -110 -12 
192 34 -97 -30 
192 25 -110 -16 
192 26 -111 -24 
131 192 -100 -4 
31 166 -112 10 
84 188 -96 -31 
43 120 -80 -55 
41 116 -116 -42 
80 170 -84 1 
71 169 -92 -13 
55 153 -120 -42 
60 153 -84 -3 
81 181 -84 -43 
28 127 -116 -12 
183 25 -91 9 
181 25 -117 -11 
77 137 -96 -45 
187 25 -86 -19 
80 173 -120 -50 
186 26 -92 -17 
25 118 -92 -37 
188 29 -105 7 
189 26 -93 -25 
192 26 -95 -45 
54 157 -76 -9 
192 25 -103 -56 
68 161 -76 -29 
37 168 -120 -55 
31 192 -88 -29 
26 192 -89 -23 
31 162 -95 3 
30 164 -87 -13 
191 34 -96 -6 
89 166 -80 -34 
116 174 -92 10 
95 153 -92 -13 
44 149 -108 -42 
30 192 -108 1 
75 185 -84 -33 
188 25 -113 -56 
191 25 -94 -25 
192 25 -96 -45 
192 25 -104 -56 
47 154 -76 -19 
188 29 -116 -38 
30 192 -112 -21 
25 192 -114 -13 
32 188 -111 -8 
188 26 -95 -37 
192 27 -101 -56 
90 182 -116 -3 
25 125 -80 -56 
71 182 -80 7 
58 117 -116 -32 
192 28 -75 -1 
105 164 -96 -40 
192 29 -76 -2 
192 30 -77 -2 
25 128 -96 -2 
192 31 -77 -2 
192 28 -84 -48 
190 25 -82 -20 
192 25 -83 -34 
61 162 -84 -15 
82 172 -100 -27 
25 123 -108 -2 
56 169 -120 -50 
25 84 -92 -10 
35 123 -84 -47 
25 188 -85 -23 
25 188 -86 -18 
33 138 -76 -23 
186 25 -115 -14 
26 192 -114 6 
177 25 -93 -7 
25 192 -114 5 
25 192 -115 4 
189 30 -119 -21 
25 192 -116 3 
192 30 -119 -37 
25 192 -117 2 
25 192 -118 2 
35 128 -100 -6 
183 25 -111 -4 
68 164 -92 -27 
38 172 -75 -37 
187 25 -81 -56 
192 26 -92 -56 
188 25 -90 10 
72 167 -104 -12 
43 155 -120 -56 
25 188 -94 -23 
26 189 -112 -37 
25 188 -95 -18 
91 192 -96 -51 
78 174 -104 -48 
25 188 -115 -29 
46 145 -120 -23 
25 188 -117 -23 
41 144 -120 -18 
62 168 -116 -23 
117 178 -120 10 
192 30 -78 -43 
192 29 -85 -56 
191 25 -120 -26 
192 31 -97 -56 
29 188 -115 -8 
109 168 -108 -44 
79 177 -120 -44 
40 104 -80 -36 
25 187 -87 -51 
54 130 -108 -38 
95 189 -120 -35 
25 192 -80 10 
26 192 -101 -36 
191 29 -103 -11 
192 26 -103 -56 
192 29 -87 -56 
192 30 -100 -56 
192 32 -117 -56 
189 29 -97 -20 
41 106 -112 -30 
192 28 -98 -34 
189 25 -101 -18 
69 176 -84 -28 
95 192 -76 -45 
39 175 -99 -33 
25 121 -76 -15 
55 146 -108 -51 
53 146 -116 -9 
