9 59 261 -69 
1 104 275 -86 
-16 101 259 -94 
-29 136 304 -31 
-16 101 259 -93 
-28 179 67 38 
-28 179 66 37 
-17 101 259 -93 
23 129 256 18 
-17 101 260 -93 
-9 57 276 6 
21 443 175 -55 
-9 56 276 6 
-17 109 259 -50 
-17 109 259 -49 
-17 101 261 -93 
-29 179 66 37 
-29 180 66 37 
-18 102 261 -93 
-29 180 66 36 
-18 109 259 -49 
-18 102 262 -93 
-18 65 250 9 
-18 65 250 8 
-30 180 66 36 
-30 181 66 36 
-19 102 262 -93 
21 179 251 25 
12 255 66 -51 
-30 181 66 35 
-19 65 250 8 
11 440 155 5 
-5 337 240 -52 
-21 455 266 48 
-20 65 250 8 
-21 455 265 47 
-20 65 251 8 
-29 115 273 -76 
-29 114 273 -75 
2 235 280 47 
-20 66 251 8 
1 234 280 47 
13 255 66 -51 
-21 66 251 8 
-30 114 273 -75 
-30 114 274 -75 
-21 66 251 9 
-21 66 252 9 
1 234 281 47 
14 255 66 -51 
-21 67 252 9 
-30 114 275 -75 
-22 67 252 9 
1 233 281 47 
14 256 66 -51 
8 84 277 -77 
7 84 277 -76 
-2 358 66 -29 
0 233 281 47 
14 256 67 -51 
-22 68 252 9 
7 84 277 -77 
-1 358 66 -29 
-30 114 276 -75 
-23 68 252 9 
15 256 67 -51 
21 77 261 43 
15 256 67 -52 
20 76 261 43 
-30 114 277 -75 
14 316 66 -22 
-30 114 278 -75 
16 256 67 -52 
16 257 67 -52 
-30 115 278 -75 
-30 115 279 -75 
7 84 278 -76 
7 84 278 -77 
-22 124 252 -47 
-4 80 253 -19 
7 85 278 -77 
-22 124 252 -46 
-23 124 252 -46 
5 83 258 -114 
-23 124 253 -46 
5 82 258 -114 
30 191 237 33 
-23 124 253 -45 
-19 436 249 46 
-19 436 248 45 
-24 124 253 -45 
-19 437 248 45 
-9 459 258 28 
-19 437 247 45 
-24 136 254 -16 
-24 135 254 -15 
-19 438 247 45 
-24 136 254 -15 
-25 136 254 -15 
25 302 67 -128 
-25 135 254 -15 
-26 136 254 -15 
-26 135 255 -15 
-26 136 255 -15 
28 211 242 43 
10 191 252 21 
-27 136 255 -15 
27 210 242 43 
-28 136 255 -15 
-8 319 67 -107 
-29 136 255 -15 
27 210 243 43 
27 209 243 43 
-26 134 239 -32 
0 103 249 -33 
0 55 250 -132 
0 448 249 -41 
-22 97 250 -9 
18 99 248 -79 
-22 97 250 -8 
-22 98 250 -8 
-23 98 250 -8 
18 99 248 -80 
19 381 81 48 
-23 98 250 -7 
19 381 81 47 
-24 99 250 -7 
-24 99 251 -7 
18 100 248 -80 
-18 72 279 -37 
23 181 71 -38 
-4 95 253 -80 
-17 72 279 -36 
-25 99 251 -7 
4 105 274 -95 
-25 100 251 -7 
3 105 274 -95 
-26 100 251 -7 
-18 72 279 -36 
30 304 75 49 
26 52 288 33 
3 106 274 -95 
-4 95 253 -81 
-27 101 251 -7 
20 381 81 47 
-4 65 258 -31 
-4 96 253 -81 
-27 101 252 -7 
-10 155 236 35 
-29 209 269 -28 
-8 154 281 7 
3 106 274 -96 
-29 208 269 -27 
-28 101 252 -7 
3 107 274 -96 
-3 101 256 -32 
-28 102 252 -7 
-29 159 289 46 
-29 102 252 -7 
6 397 246 -35 
-15 90 263 -8 
-30 159 289 46 
3 108 274 -96 
-30 103 253 -8 
-15 90 263 -7 
3 108 274 -97 
20 381 82 47 
19 231 67 -46 
21 382 82 47 
-16 90 263 -7 
-17 72 280 -36 
-18 72 280 -36 
30 304 75 50 
-2 86 246 -10 
-2 85 246 -9 
-17 90 263 -7 
-24 177 258 37 
8 449 247 41 
-24 176 258 37 
22 377 86 46 
-25 176 258 37 
22 377 86 45 
-25 176 259 37 
20 231 67 -46 
-25 175 259 37 
8 94 300 -39 
-17 95 294 -9 
7 94 300 -39 
-17 95 294 -8 
8 94 300 -38 
20 232 67 -46 
-18 95 294 -8 
7 91 68 -41 
-19 95 294 -8 
17 139 257 -120 
-2 70 262 -14 
10 372 73 50 
21 232 67 -46 
10 372 73 49 
-19 95 295 -8 
-20 96 295 -8 
21 388 70 18 
21 388 70 17 
-7 335 238 3 
-29 208 270 -27 
8 94 301 -39 
7 94 301 -39 
-23 65 274 -38 
11 372 73 49 
-22 64 274 -38 
13 445 79 38 
9 436 68 37 
2 363 69 48 
9 436 68 36 
8 94 302 -39 
-14 93 248 -6 
-14 93 248 -5 
7 94 302 -39 
-15 93 248 -5 
-16 93 248 -5 
6 52 281 -86 
9 370 70 32 
7 94 303 -39 
9 370 70 31 
-17 93 249 -5 
25 437 71 35 
-22 64 275 -38 
25 437 71 34 
-9 262 285 18 
10 370 70 31 
4 55 277 27 
-10 98 249 -51 
3 54 277 27 
-14 386 66 -39 
26 437 71 34 
-21 450 264 36 
-22 63 275 -38 
26 438 71 34 
26 438 72 34 
-21 63 275 -38 
-7 104 261 -30 
27 438 72 34 
-7 104 261 -29 
7 94 304 -39 
3 54 278 27 
23 430 70 46 
16 75 257 2 
23 430 70 45 
-30 170 266 -58 
-26 91 261 -13 
-30 169 266 -58 
-17 95 264 -23 
2 54 278 27 
28 438 72 34 
-26 91 261 -12 
-17 95 264 -22 
-7 427 276 32 
28 439 72 34 
2 53 278 28 
28 439 73 34 
24 430 70 45 
-21 63 276 -38 
-26 92 261 -12 
-27 92 261 -11 
-8 104 261 -29 
-17 96 264 -22 
29 439 73 33 
-18 96 264 -22 
24 431 70 45 
25 431 71 45 
-18 97 264 -22 
-23 243 267 11 
-19 97 264 -22 
-2 93 261 46 
-8 105 261 -29 
-22 169 66 -144 
-23 242 267 11 
-7 101 253 -31 
-7 101 253 -30 
-8 105 261 -28 
-9 105 261 -28 
13 447 71 24 
13 447 71 23 
26 431 71 45 
26 432 71 45 
-21 62 276 -38 
28 225 271 38 
26 432 72 45 
14 447 71 23 
27 432 72 45 
-23 242 268 11 
-10 105 261 -28 
27 432 72 44 
13 452 66 -129 
13 452 66 -128 
14 448 71 23 
-20 62 276 -38 
-8 101 253 -30 
-20 62 277 -38 
27 324 69 13 
19 376 67 -80 
-15 79 253 -8 
28 432 72 44 
19 377 67 -80 
28 433 73 44 
1 165 257 43 
-8 102 253 -30 
21 428 76 39 
-9 102 253 -30 
29 433 73 44 
28 324 69 13 
-9 102 253 -29 
-20 361 67 -29 
-9 442 240 25 
29 433 74 44 
-30 164 285 19 
-30 163 285 19 
30 434 74 44 
-10 102 253 -29 
13 436 68 18 
-30 163 286 19 
-10 102 254 -29 
-2 106 251 -49 
-10 103 254 -29 
-16 80 262 -3 
-16 80 262 -2 
-11 103 254 -29 
-20 62 278 -38 
-30 163 287 19 
30 434 75 44 
-11 103 254 -28 
-17 80 262 -2 
30 435 75 44 
-30 163 288 19 
-12 103 254 -28 
-9 415 248 39 
-5 382 153 45 
-18 80 262 -2 
-12 104 254 -28 
30 435 75 43 
-18 81 262 -2 
-13 104 254 -28 
30 435 76 43 
-19 62 278 -38 
30 436 76 43 
-19 62 278 -39 
19 272 67 -139 
1 266 239 -29 
30 436 77 43 
-19 62 279 -39 
25 394 255 14 
-2 106 252 -49 
-16 112 249 42 
-2 290 66 -30 
-15 112 67 -102 
-19 61 279 -39 
-9 436 244 47 
-15 112 66 -101 
30 437 77 43 
30 437 78 43 
-30 176 244 -4 
11 280 69 44 
8 86 66 -103 
8 85 66 -103 
-6 441 238 -37 
30 438 78 43 
-3 106 252 -49 
30 438 79 43 
30 438 79 42 
-19 61 280 -39 
-18 61 280 -39 
-3 107 252 -49 
-3 111 278 -75 
-29 72 257 -13 
21 274 66 -52 
2 83 255 -37 
-3 107 253 -49 
-29 72 257 -12 
-11 51 254 19 
2 83 255 -36 
13 444 245 -3 
8 95 250 47 
13 444 244 -3 
-4 112 278 -75 
-29 72 257 -11 
-30 73 258 -11 
21 451 264 44 
-4 112 279 -75 
-5 113 279 -75 
27 447 243 -5 
-8 65 231 -142 
27 447 242 -5 
22 443 73 49 
-4 107 253 -49 
24 164 240 17 
28 447 242 -5 
22 443 73 48 
28 448 242 -5 
-4 107 253 -50 
29 448 242 -5 
6 96 258 -51 
5 96 258 -51 
23 443 73 48 
30 448 242 -5 
-4 108 253 -50 
30 449 242 -6 
23 444 73 48 
30 450 242 -6 
24 444 73 48 
-24 109 249 -15 
24 444 74 48 
30 450 241 -6 
-24 109 249 -14 
-21 245 268 40 
-17 118 282 -24 
-5 108 253 -50 
-21 244 268 39 
-17 117 282 -23 
2 83 256 -36 
30 450 241 -7 
-25 109 249 -14 
-18 117 282 -23 
30 451 241 -7 
25 444 74 48 
-26 109 249 -14 
24 255 243 -21 
30 452 241 -7 
-27 109 250 -14 
25 445 74 47 
-5 109 254 -50 
5 96 259 -51 
-28 109 250 -14 
26 445 74 47 
-6 109 254 -50 
30 452 241 -8 
-28 109 250 -13 
19 109 263 31 
30 453 241 -8 
26 445 75 47 
13 429 275 6 
-29 109 250 -13 
24 93 247 -68 
13 429 274 6 
-29 109 251 -13 
30 453 240 -8 
-30 109 251 -13 
14 429 274 6 
-8 56 252 -53 
30 454 240 -8 
27 445 75 47 
-11 87 272 -54 
29 192 72 -1 
-30 109 251 -12 
25 93 247 -68 
-10 87 272 -54 
14 430 274 6 
-30 110 251 -12 
-24 208 258 -20 
-7 109 254 -50 
27 446 75 47 
14 145 246 10 
-24 207 258 -19 
14 440 66 37 
30 455 240 -9 
-30 110 252 -12 
13 145 246 10 
14 440 66 36 
-7 110 254 -50 
30 456 240 -9 
2 84 256 -36 
15 440 66 36 
-8 110 254 -50 
-30 110 253 -12 
5 96 260 -51 
30 456 240 -10 
-30 110 253 -11 
30 457 239 -10 
15 441 66 36 
16 441 66 36 
-8 111 254 -50 
-30 110 254 -11 
-25 91 276 -59 
-15 112 256 -47 
-9 111 254 -50 
30 458 239 -10 
16 394 77 48 
-15 112 256 -46 
16 441 67 36 
-12 200 269 23 
-12 199 269 23 
-26 92 276 -59 
-24 207 259 -19 
17 441 67 36 
-10 111 254 -50 
-12 199 270 23 
-10 87 273 -54 
-12 198 270 23 
17 441 67 35 
-10 112 254 -50 
-27 93 276 -59 
17 442 67 35 
-10 112 255 -50 
-10 88 273 -54 
-15 112 257 -46 
-16 113 257 -46 
18 442 67 35 
-11 112 255 -50 
-27 94 276 -59 
-7 437 283 42 
-28 94 277 -59 
5 96 261 -51 
18 442 68 35 
-28 95 277 -59 
-12 113 255 -50 
-29 95 277 -59 
19 442 68 35 
-29 96 277 -59 
20 79 258 50 
-17 113 257 -46 
19 192 250 43 
-30 96 277 -59 
19 78 258 49 
19 443 68 35 
-13 113 255 -50 
19 191 250 43 
-30 97 277 -58 
-17 114 257 -46 
-17 114 258 -46 
-14 114 255 -50 
-6 103 276 -71 
-30 98 278 -58 
20 443 68 35 
-30 99 278 -58 
-17 114 258 -45 
20 443 69 35 
-14 114 256 -50 
24 59 243 -89 
-30 100 278 -58 
-10 88 274 -54 
-18 114 258 -45 
19 191 251 43 
-10 88 274 -55 
-12 100 267 -10 
-27 211 238 -13 
-12 100 267 -9 
20 444 69 35 
-27 210 238 -12 
-30 101 278 -58 
-18 115 258 -45 
19 78 259 49 
5 96 262 -51 
-7 103 276 -71 
-30 102 279 -58 
-10 89 274 -55 
-25 137 259 -16 
-29 138 253 -85 
-25 136 259 -15 
-29 137 253 -84 
25 351 66 44 
-7 103 277 -71 
-25 137 259 -15 
-29 137 253 -85 
4 442 66 23 
25 351 66 43 
-7 104 277 -71 
-30 103 279 -58 
-26 137 259 -15 
4 442 66 22 
24 436 251 -108 
-7 104 277 -72 
-30 137 253 -84 
-30 104 279 -58 
-27 137 259 -15 
-8 104 277 -72 
-27 137 260 -15 
-20 447 252 29 
-28 137 260 -15 
-20 447 251 28 
-30 137 254 -84 
-29 137 260 -15 
26 351 66 43 
-8 105 278 -72 
-10 89 275 -55 
-30 137 260 -15 
-9 105 278 -72 
-9 105 278 -73 
27 431 86 36 
1 123 265 41 
29 287 71 41 
27 431 86 35 
23 433 269 46 
16 74 258 -98 
0 123 265 41 
23 433 268 45 
-30 138 255 -84 
15 74 258 -98 
-10 90 275 -55 
-30 137 255 -84 
27 352 67 43 
-9 106 279 -73 
-29 389 189 26 
-10 106 279 -73 
24 433 268 45 
10 100 264 -59 
-29 389 188 26 
9 100 264 -59 
-28 212 276 27 
24 434 268 45 
-28 211 276 27 
24 434 267 45 
20 461 80 30 
20 461 80 29 
-10 106 279 -74 
-30 137 256 -84 
7 397 245 27 
-11 107 279 -74 
-10 90 276 -55 
-30 138 256 -84 
-11 107 280 -74 
-28 211 276 28 
21 461 80 29 
28 352 67 43 
-4 453 188 -24 
-12 107 280 -74 
-29 210 277 28 
-10 90 276 -56 
-3 453 188 -24 
-12 108 280 -74 
-13 108 280 -74 
-1 282 66 -11 
-29 210 277 29 
28 352 68 43 
-13 109 280 -74 
-14 109 280 -74 
30 287 71 42 
-30 137 257 -84 
-30 210 277 29 
-3 454 188 -24 
-30 210 278 29 
-10 91 276 -56 
-30 138 257 -84 
28 353 68 43 
-26 272 66 42 
15 74 259 -98 
-26 272 66 41 
30 288 71 42 
29 353 68 43 
15 75 259 -98 
-27 272 66 41 
-10 91 277 -56 
-30 137 258 -84 
0 458 249 39 
-30 138 258 -84 
29 353 68 42 
30 353 68 42 
30 353 69 42 
-14 307 243 27 
29 433 68 38 
29 433 68 37 
-30 137 259 -84 
30 288 71 43 
30 354 69 42 
27 207 255 36 
-16 222 245 39 
29 380 75 41 
-21 160 245 -20 
-16 221 245 39 
29 380 75 40 
-21 159 245 -19 
15 75 260 -98 
30 433 68 37 
-10 91 278 -56 
-10 92 278 -56 
30 289 71 43 
-16 221 246 39 
30 434 68 37 
23 433 77 35 
-16 220 246 39 
30 434 69 37 
-20 107 250 -50 
23 433 77 34 
30 354 70 42 
30 380 75 40 
-20 107 250 -49 
-21 159 246 -19 
-26 202 238 21 
30 289 72 43 
-26 201 238 21 
-10 92 278 -57 
30 380 76 40 
24 59 249 -114 
24 433 77 34 
24 58 248 -113 
30 381 76 40 
-21 107 250 -49 
-8 347 245 -87 
-8 347 244 -86 
-21 107 251 -49 
30 355 70 42 
-21 108 251 -49 
24 434 77 34 
25 442 68 29 
30 435 69 37 
30 289 72 44 
-22 108 251 -49 
24 434 78 34 
25 442 68 28 
-10 92 279 -57 
-6 234 239 -141 
25 434 78 34 
13 444 241 -109 
13 444 240 -108 
23 432 263 -29 
-23 108 251 -49 
23 432 262 -28 
-24 125 252 -14 
-24 125 252 -13 
-23 108 252 -49 
-25 125 252 -13 
-23 109 252 -49 
-24 109 252 -49 
-26 125 252 -13 
-29 70 299 -140 
-29 70 299 -139 
30 290 72 44 
-27 125 253 -13 
24 418 66 -104 
-25 417 68 49 
-25 109 253 -49 
-10 93 279 -57 
24 418 66 -103 
-27 201 238 21 
-28 125 253 -13 
-16 195 256 -33 
-10 93 280 -57 
-29 125 253 -13 
-27 201 238 22 
-26 109 253 -49 
-29 125 254 -13 
-16 316 235 16 
28 246 68 50 
30 290 72 45 
25 418 66 -103 
-5 403 238 19 
10 150 275 47 
-29 70 300 -139 
-30 125 254 -13 
-27 109 254 -49 
23 177 67 -130 
-30 70 300 -139 
-27 110 254 -49 
-5 100 251 43 
25 419 66 -103 
-24 114 75 -94 
-30 125 254 -12 
-5 99 251 42 
-24 113 75 -94 
-28 110 254 -49 
-5 100 251 42 
-28 110 255 -49 
-15 96 277 -141 
-15 96 277 -140 
-11 93 280 -57 
29 246 68 50 
-6 430 66 -98 
22 426 254 1 
30 291 72 45 
-5 430 66 -97 
22 426 253 0 
-18 53 278 -38 
-17 52 278 -37 
-24 136 248 -16 
30 291 72 46 
-24 135 248 -15 
10 260 68 4 
-25 135 248 -15 
-18 52 278 -37 
30 291 73 46 
-26 135 248 -15 
29 246 69 50 
-26 135 249 -15 
12 83 68 -93 
-10 177 260 15 
9 77 241 44 
-15 96 278 -140 
12 82 67 -93 
-10 177 260 14 
30 246 69 50 
-27 135 249 -15 
-28 135 249 -15 
-9 128 297 38 
-17 52 279 -37 
-29 135 249 -15 
-18 51 279 -37 
-29 135 250 -15 
-25 196 236 20 
-17 51 279 -37 
-25 195 236 20 
30 247 69 50 
-30 135 250 -15 
22 422 244 -33 
-30 136 250 -15 
-15 97 278 -140 
30 292 73 47 
-16 230 270 41 
-30 136 251 -15 
-15 97 279 -140 
-18 51 280 -37 
-30 135 251 -15 
-17 51 280 -37 
-30 136 252 -15 
5 232 70 34 
-17 51 280 -36 
30 247 70 50 
-15 97 280 -140 
-30 136 253 -15 
-15 98 280 -139 
-18 51 281 -36 
-30 137 253 -15 
-17 51 281 -36 
30 292 73 48 
-14 90 264 -8 
30 293 73 48 
-30 137 254 -15 
-1 417 245 41 
23 259 71 -72 
-12 66 257 -147 
23 259 71 -71 
-11 66 257 -147 
-1 52 251 -2 
-1 52 251 -1 
-21 441 67 -62 
-23 56 304 11 
-15 98 281 -139 
-22 56 304 11 
-30 137 255 -15 
30 248 70 50 
-22 103 302 -3 
30 293 74 48 
24 259 71 -71 
24 260 71 -71 
-11 66 257 -148 
-18 78 240 17 
-10 66 257 -148 
-7 110 256 -46 
30 248 71 50 
-9 150 250 17 
-7 110 256 -45 
30 371 74 19 
30 371 74 18 
5 196 286 18 
-10 66 257 -149 
17 238 237 -91 
-27 86 256 -19 
25 261 71 -71 
-27 86 256 -18 
22 460 74 32 
-10 66 258 -149 
22 460 74 31 
-13 55 254 -148 
-8 110 256 -45 
14 81 251 -44 
-27 87 256 -18 
-14 202 249 7 
14 81 251 -43 
-14 201 249 7 
30 371 75 18 
-28 87 256 -18 
23 460 74 31 
-8 111 256 -45 
-22 93 272 -63 
30 372 75 18 
-28 88 256 -18 
23 461 75 31 
-29 88 256 -18 
6 120 67 -116 
-8 157 261 0 
-9 111 256 -45 
-29 89 256 -17 
24 461 75 31 
-8 156 261 0 
-23 94 272 -63 
-29 89 257 -17 
26 261 71 -71 
-30 90 257 -17 
-23 95 272 -64 
-9 112 256 -45 
26 262 71 -71 
25 461 75 31 
-24 95 272 -64 
-30 91 257 -17 
25 461 76 31 
24 58 248 -112 
-10 112 256 -45 
-30 91 257 -16 
-24 96 272 -64 
25 461 76 30 
-30 92 257 -16 
26 461 76 30 
-13 81 300 -5 
-30 92 258 -16 
-13 80 300 -4 
-24 97 272 -65 
-10 113 256 -45 
-29 146 295 -88 
-30 93 258 -16 
27 428 66 21 
-11 113 257 -45 
27 461 76 30 
27 428 66 20 
-3 187 68 -86 
-30 93 258 -15 
27 461 77 30 
-30 94 258 -15 
-18 107 256 -50 
-24 248 265 20 
-18 107 256 -49 
-19 255 267 15 
-11 114 257 -45 
28 461 77 30 
-24 247 265 20 
-19 254 267 15 
-30 95 259 -15 
-12 114 257 -45 
24 100 301 -75 
24 100 301 -74 
-30 96 259 -15 
28 428 66 20 
-30 96 259 -14 
28 461 78 30 
24 449 245 14 
29 461 78 30 
-13 80 301 -4 
24 449 244 14 
-19 107 256 -49 
-30 97 259 -14 
-19 107 257 -49 
23 361 67 23 
28 429 66 20 
18 282 242 20 
29 461 78 29 
-24 247 266 20 
23 361 67 22 
28 429 67 20 
-30 98 260 -14 
30 461 78 29 
-28 186 263 15 
-30 98 260 -13 
-28 185 263 15 
-10 110 252 -84 
29 429 67 20 
-30 99 260 -13 
30 461 79 29 
-14 80 301 -4 
5 53 258 -101 
-10 109 252 -84 
4 53 258 -101 
-20 107 257 -49 
27 338 234 -108 
-20 107 258 -49 
-30 100 260 -13 
-30 101 260 -13 
-20 108 258 -49 
-30 101 261 -12 
-14 80 302 -4 
-9 154 245 40 
-9 124 309 -11 
9 457 180 -43 
26 397 75 24 
-30 102 261 -12 
30 461 80 29 
-9 153 245 40 
26 397 75 23 
-10 109 253 -84 
-21 108 258 -49 
-11 109 253 -84 
-30 103 261 -12 
-18 66 257 -7 
-21 108 259 -49 
-30 103 261 -11 
-30 104 261 -11 
-21 108 259 -48 
30 461 80 28 
4 53 259 -101 
-22 108 259 -48 
-10 124 309 -11 
-11 108 253 -84 
-28 117 281 -7 
-11 108 254 -84 
24 261 71 -104 
-29 117 281 -7 
-29 117 281 -6 
15 410 78 49 
-21 343 245 37 
-11 124 309 -11 
-30 117 281 -6 
15 410 78 48 
-21 343 244 37 
-30 117 282 -6 
4 53 260 -101 
23 63 248 -86 
16 410 78 48 
-30 117 283 -6 
-13 223 252 28 
24 57 248 -112 
-20 418 257 30 
-30 118 283 -6 
-6 86 264 -20 
19 268 66 45 
-30 118 284 -6 
4 53 261 -101 
-30 119 285 -5 
20 268 66 45 
30 383 242 -18 
30 383 241 -17 
20 268 66 46 
21 380 237 -149 
21 268 66 46 
-29 223 244 -9 
7 79 274 -75 
21 269 66 46 
7 78 274 -74 
-24 69 261 4 
21 269 67 47 
-24 70 261 4 
22 269 67 47 
-24 70 261 5 
10 363 66 -102 
10 363 66 -101 
7 78 275 -74 
-15 192 382 -55 
11 363 66 -101 
23 269 67 47 
23 270 67 48 
9 68 246 -115 
-30 240 257 39 
9 67 246 -115 
-30 239 257 38 
24 270 68 48 
-13 215 243 36 
26 118 243 -24 
-13 214 243 36 
7 78 276 -74 
7 77 276 -74 
9 67 247 -115 
24 270 68 49 
9 68 247 -115 
-13 214 244 36 
-30 152 383 19 
27 118 243 -24 
24 271 68 49 
-30 152 383 18 
0 194 273 39 
10 68 247 -115 
-30 153 383 18 
28 118 243 -24 
19 91 241 32 
7 77 277 -74 
10 68 248 -115 
-23 211 276 23 
-28 244 266 9 
-28 243 266 9 
9 68 248 -115 
-29 57 272 -42 
-28 125 249 -62 
-28 56 272 -42 
10 68 248 -116 
6 452 259 18 
-23 211 276 24 
-23 211 277 24 
11 92 251 -68 
17 131 258 46 
10 92 251 -68 
10 68 249 -116 
7 77 278 -74 
24 416 254 -30 
24 416 253 -29 
7 77 278 -73 
-24 271 71 43 
23 172 236 -19 
23 171 236 -19 
-28 56 273 -42 
-11 431 253 15 
-22 141 347 8 
23 171 236 -18 
23 171 237 -18 
7 77 279 -73 
10 93 251 -68 
-27 56 273 -42 
-13 156 241 49 
-27 55 273 -42 
-13 155 241 48 
7 410 67 35 
7 410 67 34 
-4 91 278 -75 
-21 107 262 -5 
8 410 67 34 
-15 115 239 17 
-15 192 262 42 
7 77 280 -73 
-22 107 262 -5 
-15 191 262 42 
-15 87 281 7 
7 76 280 -72 
-27 55 274 -42 
11 80 256 28 
-4 92 278 -75 
-16 87 281 7 
-10 191 266 47 
22 450 274 30 
-5 92 278 -75 
-16 115 239 17 
22 450 273 29 
-17 87 281 7 
-5 92 279 -75 
-18 87 282 7 
-16 193 273 -21 
-2 202 261 31 
11 90 268 40 
-16 192 273 -20 
-6 309 243 -76 
-19 87 282 7 
-17 115 239 17 
19 389 243 -16 
19 389 242 -15 
-12 57 276 -44 
-12 56 276 -43 
-26 115 253 -17 
-26 55 274 -42 
-18 115 239 17 
-26 115 253 -16 
-18 115 240 17 
-26 55 275 -42 
-27 115 253 -16 
-28 115 253 -16 
-19 115 240 17 
-28 115 254 -16 
-30 239 258 38 
-29 115 254 -16 
-1 63 182 -10 
-22 265 299 44 
-16 192 274 -19 
-17 192 274 -19 
-26 55 275 -43 
-30 115 254 -15 
-20 115 240 17 
-30 115 255 -15 
-20 52 277 -141 
-26 54 275 -43 
-30 238 258 38 
-20 51 277 -141 
-12 56 277 -43 
30 386 68 34 
30 386 68 33 
1 66 278 -51 
-26 54 276 -43 
-20 51 278 -141 
-25 54 276 -43 
30 386 69 33 
30 387 69 33 
-12 56 278 -43 
15 432 66 4 
15 432 66 3 
-20 51 279 -141 
-25 54 277 -43 
-19 91 252 -121 
5 104 262 -44 
-19 66 244 -101 
30 387 70 33 
4 104 262 -43 
16 432 66 3 
16 432 67 3 
30 388 70 33 
16 433 67 2 
-14 189 247 33 
19 346 66 -60 
1 115 256 40 
-25 54 277 -44 
30 388 71 33 
-13 56 278 -43 
26 336 75 50 
-30 433 239 -2 
30 388 71 32 
30 389 71 32 
22 83 240 36 
-7 113 285 -67 
30 389 72 32 
30 89 250 11 
-8 113 285 -67 
4 104 263 -43 
-8 114 285 -67 
-30 238 259 38 
-30 301 71 27 
-9 114 285 -67 
-30 301 71 26 
6 250 66 -32 
30 390 72 32 
17 120 248 -25 
-10 115 285 -67 
16 120 248 -25 
-15 174 270 36 
-15 173 270 36 
30 390 73 32 
-17 81 379 33 
-11 115 285 -68 
-11 116 285 -68 
15 61 182 40 
-8 70 274 -62 
4 104 263 -42 
-7 69 274 -62 
-18 121 252 -67 
-18 120 252 -66 
5 122 236 -16 
4 105 263 -42 
-30 237 259 38 
30 391 73 32 
3 105 263 -42 
30 391 74 32 
-7 119 382 28 
-19 120 252 -66 
16 120 249 -25 
-19 120 253 -66 
3 105 264 -42 
-30 302 71 26 
-14 103 253 -6 
-20 120 253 -66 
10 103 254 -120 
-8 119 382 28 
-20 120 253 -65 
-20 119 254 -65 
30 391 74 31 
-21 119 254 -65 
30 392 75 31 
-15 103 253 -6 
-22 119 255 -65 
-22 119 255 -64 
17 60 251 -98 
-10 266 66 -25 
16 60 251 -98 
-16 103 253 -6 
27 394 66 8 
30 392 76 31 
15 442 290 10 
-22 178 248 16 
-2 147 262 26 
-22 177 248 16 
30 393 76 31 
-2 147 262 25 
-17 103 253 -6 
-23 456 252 -99 
-7 69 275 -62 
-22 177 248 17 
-23 456 251 -98 
-22 176 249 17 
26 140 251 31 
-23 457 250 -98 
26 139 251 31 
16 60 251 -99 
-23 176 249 17 
30 393 77 31 
-23 176 250 18 
-30 237 260 38 
-23 175 250 18 
24 389 66 44 
16 61 251 -99 
24 389 66 43 
30 394 77 31 
-24 175 250 18 
-30 447 257 10 
-24 175 251 19 
-29 378 182 33 
-2 82 272 -55 
-7 193 256 32 
-24 174 251 19 
-23 256 286 16 
25 389 66 43 
-24 91 302 -3 
-23 255 286 16 
16 61 251 -100 
-25 218 264 -10 
7 451 266 30 
-25 217 264 -9 
7 451 265 29 
25 389 67 43 
-12 154 276 -5 
-12 153 276 -5 
25 390 67 43 
15 61 251 -100 
28 450 256 40 
19 409 81 49 
-23 255 287 16 
15 61 252 -100 
-30 236 260 38 
28 450 255 39 
26 390 67 43 
19 409 81 48 
-19 81 261 -18 
29 450 255 39 
15 62 252 -100 
12 430 183 -39 
-19 81 261 -17 
29 451 255 39 
-30 459 71 48 
30 451 254 39 
-25 217 265 -9 
26 245 67 -49 
23 237 68 -10 
30 452 254 39 
27 390 67 43 
-7 69 276 -62 
15 62 252 -101 
27 390 68 43 
-1 261 242 -80 
28 412 70 3 
-28 186 263 33 
28 412 70 2 
-28 185 263 33 
30 453 254 39 
19 455 235 27 
-19 81 261 -16 
-1 86 264 41 
30 453 253 39 
27 391 68 43 
-19 82 261 -16 
-1 85 264 41 
30 454 253 39 
14 436 246 24 
8 457 152 46 
28 391 68 43 
-20 82 262 -16 
-20 82 262 -15 
28 391 69 43 
-20 83 262 -15 
23 144 255 -11 
23 143 255 -11 
29 391 69 43 
15 62 253 -101 
-20 83 262 -14 
29 391 69 42 
15 62 253 -102 
24 237 68 -10 
29 392 69 42 
2 165 71 -120 
-26 60 262 3 
-17 56 272 -41 
-21 83 262 -14 
2 165 70 -120 
-17 55 272 -41 
-21 84 263 -14 
-28 134 248 -49 
-28 133 248 -48 
30 392 69 42 
30 392 70 42 
-5 73 240 33 
-29 133 248 -48 
15 63 253 -102 
-21 60 276 -41 
24 238 68 -10 
-20 59 276 -41 
23 143 256 -11 
-26 61 262 3 
-24 71 246 -14 
27 391 84 46 
-24 71 246 -13 
24 238 68 -11 
23 142 256 -12 
30 393 70 42 
-21 83 275 -147 
-20 82 275 -147 
30 393 71 42 
-17 55 273 -41 
-24 71 246 -12 
-8 146 285 37 
-24 71 247 -12 
11 77 274 -70 
