9 59 261 -69 
5 446 112 -138 
2 228 67 12 
30 108 237 -98 
30 108 238 -97 
30 107 238 -97 
19 124 133 46 
12 236 69 12 
13 237 69 12 
13 238 69 12 
-7 102 247 -86 
-7 103 248 -86 
13 239 69 12 
-7 102 248 -86 
13 239 70 12 
-24 153 240 0 
-30 224 71 25 
-7 103 252 -87 
-30 338 344 -126 
-11 176 68 -149 
-11 176 68 -150 
30 340 64 -31 
30 461 162 26 
-30 150 258 41 
-30 151 260 41 
-30 151 260 40 
-30 152 261 41 
-30 152 262 40 
-30 152 262 41 
-30 153 263 41 
-30 152 264 42 
-30 153 264 42 
-30 153 264 41 
-30 153 265 41 
-30 153 265 42 
-30 154 266 42 
-30 154 266 41 
-30 154 267 42 
30 118 293 -104 
-30 154 268 42 
-30 276 90 -79 
-30 155 269 43 
-30 155 270 43 
-30 185 379 -15 
-30 185 381 -14 
-30 186 381 -14 
-30 186 382 -14 
-30 187 383 -14 
-30 158 278 44 
-30 158 278 43 
-30 159 279 44 
26 257 73 19 
5 125 354 -125 
-30 159 280 44 
-30 159 280 45 
-30 160 281 45 
-30 160 281 44 
-30 160 282 45 
-30 160 282 44 
-30 160 283 45 
-30 161 283 45 
-30 161 284 45 
-30 160 284 45 
-30 161 285 45 
-17 76 261 -140 
-17 75 261 -140 
-17 75 261 -141 
30 227 66 -150 
-30 331 352 -124 
-30 331 353 -124 
30 230 64 -150 
-30 326 359 -123 
30 380 100 -9 
27 194 348 -18 
27 194 348 -19 
-15 74 272 -143 
-30 66 298 -121 
-29 66 298 -121 
-15 74 273 -143 
-29 65 298 -121 
-30 65 298 -121 
-29 66 299 -122 
-29 66 300 -122 
-29 66 302 -122 
-29 65 302 -122 
-29 66 302 -123 
-29 65 303 -123 
-30 66 303 -123 
-29 66 303 -123 
20 213 64 -149 
30 461 162 28 
30 225 64 -150 
